,movie_rated,run_length,genres,release_date,rating
0,PG-13,2h 28min,Action; Adventure; Sci-Fi; ,16 July 2010 (USA),8.8
1,PG-13,2h 58min,Action; Adventure; Drama; ,19 December 2001 (USA),8.8
2,PG-13,3h 21min,Adventure; Drama; Fantasy; ,17 December 2003 (USA),8.9
3,PG-13,2h 44min,Action; Adventure; ,20 July 2012 (USA),8.4
4,PG-13,2h 59min,Adventure; Drama; Fantasy; ,18 December 2002 (USA),8.7
5,PG-13,2h 49min,Adventure; Drama; Sci-Fi; ,7 November 2014 (USA),8.6
6,R,2h 35min,Action; Adventure; Drama; ,5 May 2000 (USA),8.5
7,PG-13,2h 20min,Action; Adventure; ,15 June 2005 (USA),8.2
8,PG-13,2h 23min,Action; Adventure; Sci-Fi; ,4 May 2012 (USA),8.0
9,R,2h 33min,Adventure; Drama; War; ,21 August 2009 (USA),8.3
10,PG,2h 1min,Action; Adventure; Fantasy; ,25 May 1977 (USA),8.6
11,PG,2h 4min,Action; Adventure; Fantasy; ,20 June 1980 (USA),8.7
12,PG-13,2h 42min,Action; Adventure; Fantasy; ,18 December 2009 (USA),7.8
13,PG-13,2h 1min,Action; Adventure; Comedy; ,1 August 2014 (USA),8.0
14,PG,1h 56min,Adventure; Comedy; Sci-Fi; ,3 July 1985 (USA),8.5
15,PG-13,2h 23min,Action; Adventure; Fantasy; ,9 July 2003 (USA),8.0
16,G,1h 38min,Animation; Adventure; ,27 June 2008 (USA),8.4
17,PG,2h 11min,Action; Adventure; Fantasy; ,25 May 1983 (USA),8.3
18,G,1h 40min,Animation; Adventure; Comedy; ,30 May 2003 (USA),8.1
19,PG-13,2h 6min,Action; Adventure; Sci-Fi; ,2 May 2008 (USA),7.9
20,G,1h 28min,Animation; Adventure; Drama; ,24 June 1994 (USA),8.5
21,PG,1h 36min,Animation; Adventure; Comedy; ,29 May 2009 (USA),8.2
22,R,1h 48min,Action; Adventure; Comedy; ,12 February 2016 (USA),8.0
23,PG,1h 55min,Action; Adventure; ,12 June 1981 (USA),8.4
24,G,1h 21min,Animation; Adventure; Comedy; ,22 November 1995 (USA),8.3
25,R,2h,Action; Adventure; Sci-Fi; ,15 May 2015 (USA),8.1
26,PG-13,2h 18min,Action; Adventure; Sci-Fi; ,18 December 2015 (USA),7.9
27,PG-13,2h 7min,Action; Adventure; Sci-Fi; ,11 June 1993 (USA),8.1
28,PG-13,2h 22min,Action; Adventure; Sci-Fi; ,23 March 2012 (USA),7.2
29,G,1h 32min,Animation; Adventure; Comedy; ,2 November 2001 (USA),8.0
30,PG-13,2h 29min,Action; Adventure; Sci-Fi; ,27 April 2018 (USA),8.4
31,PG-13,2h 49min,Adventure; Fantasy; ,14 December 2012 (USA),7.8
32,PG-13,2h 10min,Adventure; Drama; Fantasy; ,15 July 2011 (USA),8.1
33,PG-13,3h 1min,Action; Adventure; Drama; ,26 April 2019 (USA),8.4
34,PG-13,2h 10min,Action; Adventure; Sci-Fi; ,3 May 2013 (USA),7.2
35,G,1h 43min,Animation; Adventure; Comedy; ,18 June 2010 (USA),8.3
36,PG-13,2h 24min,Adventure; Drama; Sci-Fi; ,2 October 2015 (USA),8.0
37,PG-13,1h 55min,Action; Adventure; Fantasy; ,6 May 2011 (USA),7.0
38,PG-13,2h 4min,Action; Adventure; Sci-Fi; ,22 July 2011 (USA),6.9
39,PG-13,2h 21min,Action; Adventure; Sci-Fi; ,1 May 2015 (USA),7.3
40,PG-13,2h 16min,Action; Adventure; Sci-Fi; ,4 April 2014 (USA),7.7
41,PG,2h 16min,Action; Adventure; Fantasy; ,19 May 1999 (USA),6.5
42,PG-13,2h 4min,Action; Adventure; Sci-Fi; ,7 May 2010 (USA),7.0
43,PG-13,2h 20min,Action; Adventure; Fantasy; ,19 May 2005 (USA),7.5
44,R,1h 39min,Adventure; Comedy; Crime; ,28 March 2014 (USA),8.1
45,R,2h 36min,Action; Adventure; Drama; ,8 January 2016 (USA),8.0
46,PG-13,2h 23min,Action; Adventure; Sci-Fi; ,14 June 2013 (USA),7.0
47,PG-13,2h 7min,Action; Adventure; ,24 May 1989 (USA),8.2
48,PG-13,2h 1min,Action; Adventure; Sci-Fi; ,3 May 2002 (USA),7.3
49,PG-13,1h 41min,Action; Adventure; Drama; ,14 December 2007 (USA),7.2
50,PG-13,2h 12min,Action; Adventure; Sci-Fi; ,23 May 2014 (USA),8.0
51,PG,1h 38min,Animation; Action; Adventure; ,26 March 2010 (USA),8.1
52,PG-13,2h 31min,Action; Adventure; Fantasy; ,7 July 2006 (USA),7.3
53,PG,1h 55min,Animation; Action; Adventure; ,5 November 2004 (USA),8.0
54,PG-13,2h 27min,Action; Adventure; Sci-Fi; ,6 May 2016 (USA),7.8
55,R,2h 17min,Action; Adventure; Sci-Fi; ,18 July 1986 (USA),8.3
56,PG-13,2h 11min,Action; Adventure; Sci-Fi; ,3 June 2011 (USA),7.7
57,PG,2h 22min,Action; Adventure; Fantasy; ,16 May 2002 (USA),6.5
58,G,1h 51min,Animation; Adventure; Comedy; ,29 June 2007 (USA),8.0
59,PG,2h 32min,Adventure; Fantasy; ,16 November 2001 (USA),7.6
60,PG,2h 5min,Animation; Adventure; ,28 March 2003 (USA),8.6
61,PG-13,2h 23min,Action; Adventure; Thriller; ,9 November 2012 (USA),7.7
62,PG-13,2h 31min,Action; Adventure; Sci-Fi; ,25 March 2016 (USA),6.4
63,PG-13,2h 26min,Action; Adventure; Mystery; ,22 November 2013 (USA),7.5
64,PG,1h 30min,Animation; Adventure; Comedy; ,18 May 2001 (USA),7.8
65,PG-13,2h 41min,Adventure; Fantasy; ,13 December 2013 (USA),7.8
66,PG-13,2h 14min,Action; Adventure; Sci-Fi; ,16 February 2018 (USA),7.3
67,PG,1h 35min,Animation; Adventure; Comedy; ,19 June 2015 (USA),8.1
68,PG-13,2h 24min,Action; Adventure; Sci-Fi; ,3 July 2007 (USA),7.0
69,PG-13,1h 56min,Action; Adventure; Horror; ,21 June 2013 (USA),7.0
70,G,2h 29min,Adventure; Sci-Fi; ,12 May 1968 (UK),8.3
71,PG-13,2h 49min,Action; Adventure; Fantasy; ,25 May 2007 (USA),7.1
72,PG-13,2h 3min,Action; Adventure; Fantasy; ,5 August 2016 (USA),6.0
73,PG-13,1h 53min,Action; Adventure; Sci-Fi; ,6 June 2014 (USA),7.9
74,PG-13,1h 52min,Action; Adventure; Fantasy; ,8 November 2013 (USA),6.9
75,R,2h 9min,Action; Adventure; Comedy; ,13 February 2015 (USA),7.7
76,PG-13,1h 55min,Action; Adventure; Fantasy; ,4 November 2016 (USA),7.5
77,PG-13,2h 8min,Action; Adventure; Mystery; ,25 December 2009 (USA),7.6
78,PG-13,2h 7min,Action; Adventure; Sci-Fi; ,8 May 2009 (USA),7.9
79,PG,2h 7min,Adventure; Drama; Fantasy; ,21 November 2012 (USA),7.9
80,PG-13,2h 24min,Action; Adventure; Thriller; ,17 November 2006 (USA),8.0
81,PG-13,2h 4min,Action; Adventure; Sci-Fi; ,12 June 2015 (USA),7.0
82,PG-13,1h 44min,Action; Adventure; Sci-Fi; ,14 July 2000 (USA),7.4
83,R,2h 4min,Adventure; Mystery; Sci-Fi; ,8 June 2012 (USA),7.0
84,PG-13,2h 10min,Action; Adventure; Comedy; ,3 November 2017 (USA),7.9
85,PG,1h 42min,Animation; Adventure; Comedy; ,27 November 2013 (USA),7.4
86,R,2h 28min,Adventure; Biography; Drama; ,19 October 2007 (USA),8.1
87,PG-13,1h 57min,Action; Adventure; Comedy; ,17 July 2015 (USA),7.3
88,PG-13,2h 16min,Action; Adventure; Sci-Fi; ,3 July 2012 (USA),6.9
89,PG-13,2h 16min,Action; Adventure; Comedy; ,5 May 2017 (USA),7.6
90,PG-13,2h 32min,Action; Adventure; Fantasy; ,15 December 2017 (USA),7.0
91,PG-13,2h 13min,Action; Adventure; Sci-Fi; ,16 December 2016 (USA),7.8
92,PG,2h 4min,Adventure; Thriller; ,20 June 1975 (USA),8.0
93,PG,2h 41min,Adventure; Fantasy; ,15 November 2002 (USA),7.4
94,PG-13,2h 21min,Action; Adventure; Fantasy; ,2 June 2017 (USA),7.4
95,PG-13,2h 7min,Action; Adventure; Sci-Fi; ,30 June 2004 (USA),7.3
96,PG,2h 22min,Adventure; Fantasy; ,4 June 2004 (USA),7.9
97,PG-13,2h 37min,Adventure; Fantasy; ,18 November 2005 (USA),7.7
98,PG-13,2h 25min,Action; Adventure; Sci-Fi; ,3 July 1996 (USA),7.0
99,G,1h 32min,Animation; Adventure; Comedy; ,24 November 1999 (USA),7.9
100,G,1h 38min,Animation; Adventure; ,27 June 2008 (USA),8.4
101,G,1h 40min,Animation; Adventure; Comedy; ,30 May 2003 (USA),8.1
102,G,1h 28min,Animation; Adventure; Drama; ,24 June 1994 (USA),8.5
103,PG,1h 36min,Animation; Adventure; Comedy; ,29 May 2009 (USA),8.2
104,G,1h 21min,Animation; Adventure; Comedy; ,22 November 1995 (USA),8.3
105,G,1h 32min,Animation; Adventure; Comedy; ,2 November 2001 (USA),8.0
106,G,1h 43min,Animation; Adventure; Comedy; ,18 June 2010 (USA),8.3
107,PG,1h 38min,Animation; Action; Adventure; ,26 March 2010 (USA),8.1
108,PG,1h 55min,Animation; Action; Adventure; ,5 November 2004 (USA),8.0
109,G,1h 51min,Animation; Adventure; Comedy; ,29 June 2007 (USA),8.0
110,PG,2h 5min,Animation; Adventure; ,28 March 2003 (USA),8.6
111,PG,1h 30min,Animation; Adventure; Comedy; ,18 May 2001 (USA),7.8
112,PG,1h 35min,Animation; Adventure; Comedy; ,19 June 2015 (USA),8.1
113,PG,1h 42min,Animation; Adventure; Comedy; ,27 November 2013 (USA),7.4
114,G,1h 32min,Animation; Adventure; Comedy; ,24 November 1999 (USA),7.9
115,PG,1h 35min,Animation; Comedy; ,9 July 2010 (USA),7.6
116,PG,1h 21min,Animation; Adventure; Comedy; ,15 March 2002 (USA),7.5
117,PG,1h 48min,Animation; Adventure; Comedy; ,4 March 2016 (USA),8.0
118,G,1h 24min,Animation; Fantasy; ,22 November 1991 (USA),8.0
119,PG,1h 33min,Animation; Adventure; Comedy; ,19 May 2004 (USA),7.2
120,PG,1h 32min,Animation; Action; Adventure; ,6 June 2008 (USA),7.5
121,PG,1h 42min,Animation; Action; Adventure; ,7 November 2014 (USA),7.8
122,PG,1h 40min,Animation; Adventure; Comedy; ,24 November 2010 (USA),7.7
123,PG,1h 41min,Animation; Adventure; Comedy; ,2 November 2012 (USA),7.7
124,PG,1h 33min,Animation; Adventure; Comedy; ,22 June 2012 (USA),7.1
125,PG,1h 38min,Animation; Adventure; Comedy; ,3 July 2013 (USA),7.3
126,G,1h 30min,Animation; Adventure; Comedy; ,25 November 1992 (USA),8.0
127,PG,1h 26min,Animation; Adventure; Comedy; ,27 May 2005 (USA),6.9
128,G,1h 57min,Animation; Comedy; ,9 June 2006 (USA),7.1
129,PG,1h 45min,Animation; Adventure; ,22 November 2017 (USA),8.4
130,PG-13,2h 14min,Animation; Adventure; Fantasy; ,19 December 1997 (USA),8.4
131,PG,1h 57min,Animation; Action; Adventure; ,14 December 2018 (USA),8.4
132,PG,1h 40min,Animation; Action; Adventure; ,7 February 2014 (USA),7.7
133,PG,1h 59min,Animation; Adventure; ,17 June 2005 (USA),8.2
134,G,1h 44min,Animation; Adventure; Comedy; ,21 June 2013 (USA),7.3
135,PG-13,1h 27min,Animation; Adventure; Comedy; ,27 July 2007 (USA),7.3
136,PG,1h 42min,Animation; Action; Adventure; ,13 June 2014 (USA),7.8
137,PG,1h 16min,Animation; Fantasy; ,29 October 1993 (USA),8.0
138,G,1h 26min,Animation; Fantasy; ,13 July 1990 (USA),8.2
139,PG,1h 33min,Animation; Adventure; Comedy; ,18 May 2007 (USA),6.1
140,G,1h 35min,Animation; Adventure; Comedy; ,25 November 1998 (USA),7.2
141,PG,1h 47min,Animation; Adventure; Comedy; ,23 November 2016 (USA),7.6
142,PG,1h 31min,Animation; Adventure; Comedy; ,31 March 2006 (USA),6.8
143,PG,1h 30min,Animation; Action; Adventure; ,26 May 2011 (USA),7.2
144,G,1h 28min,Animation; Adventure; ,19 June 1998 (USA),7.6
145,PG,1h 58min,Animation; Action; Adventure; ,15 June 2018 (USA),7.6
146,PG,1h 17min,Animation; Drama; ,23 September 2005 (USA),7.3
147,PG,1h 37min,Animation; Adventure; Comedy; ,17 June 2016 (USA),7.3
148,G,1h 23min,Animation; Fantasy; ,17 November 1989 (USA),7.6
149,PG,1h 47min,Animation; Adventure; Comedy; ,4 March 2011 (USA),7.2
150,Not Rated,1h 29min,Animation; Drama; War; ,26 July 1989 (USA),8.5
151,PG,1h 35min,Animation; Action; Comedy; ,5 November 2010 (USA),7.2
152,PG,1h 34min,Animation; Adventure; Comedy; ,1 July 2009 (USA),6.9
153,PG,1h 31min,Animation; Comedy; ,28 September 2012 (USA),7.1
154,PG,1h 47min,Animation; Action; Adventure; ,21 December 2011 (USA),7.3
155,PG,1h 31min,Animation; Adventure; Comedy; ,10 July 2015 (USA),6.4
156,G,1h 36min,Animation; Adventure; Comedy; ,15 April 2011 (USA),6.9
157,PG,1h 30min,Animation; Adventure; Comedy; ,18 September 2009 (USA),6.9
158,G,1h 33min,Animation; Adventure; Comedy; ,27 June 1997 (USA),7.3
159,PG,1h 29min,Animation; Adventure; Comedy; ,7 November 2008 (USA),6.6
160,G,1h 28min,Animation; Adventure; ,18 June 1999 (USA),7.3
161,PG,1h 58min,Animation; Adventure; Drama; ,19 July 2019 (USA),6.9
162,PG,1h 27min,Animation; Adventure; Comedy; ,25 November 2009 (USA),7.9
163,PG,1h 40min,Animation; Drama; ,6 February 2009 (USA),7.7
164,R,1h 21min,Animation; Comedy; Fantasy; ,30 June 1999 (USA),7.7
165,PG,1h 28min,Animation; Adventure; Comedy; ,13 July 2012 (USA),6.6
166,PG,1h 38min,Animation; Action; Adventure; ,22 March 2013 (USA),7.2
167,PG,1h 36min,Animation; Adventure; Comedy; ,21 November 2008 (USA),6.8
168,G,1h 40min,Animation; Adventure; Comedy; ,21 June 2019 (USA),7.8
169,PG,1h 33min,Animation; Adventure; Comedy; ,21 May 2010 (USA),6.3
170,PG,1h 27min,Animation; Adventure; Comedy; ,8 July 2016 (USA),6.5
171,PG,1h 44min,Animation; Adventure; Comedy; ,22 June 1988 (USA),7.7
172,Approved,1h 23min,Animation; Fantasy; ,4 February 1938 (USA),7.6
173,G,1h 18min,Animation; Adventure; Comedy; ,15 December 2000 (USA),7.3
174,PG,1h 46min,Animation; Drama; Fantasy; ,7 April 2017 (USA),8.4
175,PG,1h 47min,Animation; Comedy; ,21 November 2007 (USA),7.0
176,G,1h 24min,Animation; Adventure; Comedy; ,23 June 2000 (USA),7.0
177,R,1h 29min,Animation; Adventure; Comedy; ,12 August 2016 (USA),6.1
178,PG,1h 26min,Animation; Action; Adventure; ,6 August 1999 (USA),8.0
179,G,1h 40min,Animation; Adventure; Comedy; ,10 November 2004 (USA),6.6
180,PG,1h 48min,Animation; Adventure; Comedy; ,17 November 2006 (USA),6.4
181,G,1h 21min,Animation; Adventure; Drama; ,23 June 1995 (USA),6.7
182,PG,1h 30min,Animation; Adventure; Comedy; ,1 October 2004 (USA),6.0
183,PG,1h 25min,Animation; Adventure; Comedy; ,21 June 2002 (USA),7.2
184,G,1h 18min,Animation; Adventure; ,18 October 1967 (USA),7.6
185,Not Rated,1h 32min,Animation; Comedy; Drama; ,9 April 2009 (Australia),8.1
186,PG-13,1h 55min,Animation; Action; Adventure; ,16 November 2007 (USA),6.2
187,PG,1h 33min,Animation; Adventure; Comedy; ,8 June 2012 (USA),6.8
188,R,2h 4min,Animation; Drama; Sci-Fi; ,16 July 1988 (Japan),8.0
189,PG,1h 28min,Animation; Adventure; Comedy; ,15 November 1996 (USA),6.4
190,PG,1h 23min,Animation; Adventure; Comedy; ,19 May 2006 (USA),6.7
191,G,1h 46min,Animation; Adventure; Comedy; ,24 June 2011 (USA),6.1
192,PG,1h 37min,Animation; Action; Adventure; ,21 November 2012 (USA),7.3
193,G,1h 19min,Animation; Adventure; Comedy; ,25 January 1961 (USA),7.2
194,PG,1h 23min,Animation; Adventure; Comedy; ,2 October 1998 (USA),6.5
195,PG,2h 5min,Animation; Adventure; Drama; ,2 August 1986 (Japan),8.0
196,PG,1h 34min,Animation; Action; Adventure; ,27 March 2009 (USA),6.4
197,PG,1h 57min,Animation; Adventure; Fantasy; ,25 November 1987 (USA),8.1
198,G,1h 14min,Animation; Fantasy; ,4 March 1950 (USA),7.3
199,PG,1h 30min,Animation; Adventure; Comedy; ,28 October 2011 (USA),6.6
200,R,3h 15min,Biography; Drama; History; ,4 February 1994 (USA),8.9
201,R,3h,Biography; Crime; Drama; ,25 December 2013 (USA),8.2
202,R,2h 26min,Biography; Crime; Drama; ,21 September 1990 (USA),8.7
203,R,2h 58min,Biography; Drama; History; ,24 May 1995 (USA),8.3
204,PG-13,2h 15min,Biography; Drama; ,4 January 2002 (USA),8.2
205,PG-13,2h 21min,Biography; Crime; Drama; ,25 December 2002 (USA),8.1
206,R,1h 52min,Biography; Comedy; Drama; ,13 July 2012 (India),8.5
207,R,2h 30min,Biography; Drama; Music; ,28 March 2003 (USA),8.5
208,PG-13,1h 54min,Biography; Drama; Thriller; ,25 December 2014 (USA),8.0
209,R,1h 58min,Biography; Drama; History; ,25 December 2010 (USA),8.0
210,R,2h 14min,Biography; Drama; History; ,8 November 2013 (USA),8.1
211,PG-13,2h,Biography; Drama; ,1 October 2010 (USA),7.7
212,R,2h,Biography; Drama; Thriller; ,12 October 2012 (USA),7.7
213,R,2h 28min,Adventure; Biography; Drama; ,19 October 2007 (USA),8.1
214,PG-13,1h 57min,Biography; Drama; ,15 December 2006 (USA),8.0
215,PG-13,2h 14min,Biography; Drama; Music; ,2 November 2018 (USA),8.0
216,R,1h 57min,Biography; Drama; ,22 November 2013 (USA),8.0
217,R,2h 13min,Action; Biography; Drama; ,16 January 2015 (USA),7.3
218,R,2h 3min,Biography; Drama; Sport; ,27 September 2013 (USA),8.1
219,R,2h 19min,Biography; Drama; History; ,4 November 2016 (USA),8.1
220,PG-13,2h 14min,Biography; Crime; Drama; ,11 October 2013 (USA),7.8
221,R,2h 9min,Biography; Crime; Drama; ,20 November 2015 (USA),8.1
222,PG-13,2h 3min,Biography; Drama; Romance; ,26 November 2014 (USA),7.7
223,R,2h 37min,Biography; Crime; Drama; ,2 November 2007 (USA),7.8
224,R,2h 40min,Biography; Drama; History; ,19 September 1984 (USA),8.3
225,PG-13,2h 13min,Biography; Drama; Sport; ,23 September 2011 (USA),7.6
226,R,2h 10min,Biography; Comedy; Drama; ,23 December 2015 (USA),7.8
227,R,1h 34min,Biography; Drama; ,28 January 2011 (USA),7.6
228,PG-13,2h 10min,Biography; Comedy; Drama; ,16 November 2018 (USA),8.2
229,R,1h 56min,Biography; Drama; Sport; ,17 December 2010 (USA),7.8
230,PG-13,2h 1min,Biography; Drama; History; ,4 February 2005 (USA),8.1
231,PG-13,2h 50min,Biography; Drama; ,25 December 2004 (USA),7.5
232,R,2h 36min,Biography; Drama; History; ,8 April 2005 (USA),8.2
233,R,2h 9min,Biography; Drama; Sport; ,19 December 1980 (USA),8.2
234,R,3h 29min,Biography; Crime; Drama; ,27 November 2019 (USA),7.9
235,PG-13,2h 9min,Biography; Drama; Sport; ,20 November 2009 (USA),7.6
236,R,2h 20min,Biography; Crime; Drama; ,1 July 2009 (USA),7.0
237,R,2h 7min,Biography; Crime; Drama; ,28 February 1997 (USA),7.7
238,R,2h 1min,Action; Biography; Drama; ,10 January 2014 (USA),7.5
239,Approved,3h 48min,Adventure; Biography; Drama; ,11 December 1962 (UK),8.3
240,PG-13,2h 30min,Biography; Drama; History; ,16 November 2012 (USA),7.3
241,R,2h 4min,Biography; Crime; Drama; ,6 April 2001 (USA),7.6
242,R,2h 21min,Biography; Crime; Drama; ,31 October 2008 (USA),7.7
243,PG-13,2h 32min,Action; Biography; Drama; ,15 November 2019 (USA),8.1
244,R,2h 5min,Biography; Crime; Drama; ,25 December 1975 (USA),8.0
245,PG-13,2h 16min,Biography; Drama; Music; ,18 November 2005 (USA),7.8
246,PG-13,1h 36min,Biography; Drama; ,9 September 2016 (USA),7.4
247,PG,1h 45min,Biography; Drama; ,20 December 2017 (USA),7.6
248,PG,3h 11min,Biography; Drama; History; ,25 February 1983 (USA),8.0
249,PG,2h 4min,Biography; Drama; ,10 October 1980 (USA),8.1
250,R,1h 46min,Action; Biography; Drama; ,12 December 2008 (China),8.0
251,PG-13,1h 58min,Biography; Drama; ,6 January 2017 (USA),8.0
252,R,2h 15min,Biography; Crime; Drama; ,10 August 2018 (USA),7.5
253,PG,1h 50min,Biography; Crime; Drama; ,24 September 1969 (USA),8.0
254,G,2h 52min,Biography; Drama; ,1 April 1965 (USA),8.0
255,PG,1h 46min,Biography; Drama; ,17 December 2004 (USA),7.7
256,PG,1h 53min,Biography; Drama; Sport; ,29 September 2000 (USA),7.8
257,PG-13,2h 1min,Action; Adventure; Biography; ,25 September 2015 (USA),7.1
258,PG,2h 7min,Biography; Drama; History; ,6 January 2017 (USA),7.8
259,R,2h 27min,Biography; Drama; History; ,14 August 2015 (USA),7.9
260,PG-13,2h 24min,Biography; Drama; History; ,3 June 2005 (USA),8.0
261,R,2h 5min,Action; Biography; Drama; ,4 November 2005 (USA),7.0
262,R,2h 3min,Biography; Drama; History; ,19 January 2007 (USA),7.7
263,R,1h 59min,Biography; Comedy; Drama; ,19 January 2018 (USA),7.5
264,R,1h 54min,Biography; Comedy; Crime; ,19 August 2016 (USA),7.1
265,R,2h 11min,Biography; Drama; ,17 March 2000 (USA),7.3
266,R,2h 40min,Biography; Crime; Drama; ,19 October 2007 (USA),7.5
267,R,2h 3min,Biography; Crime; Drama; ,18 September 2015 (USA),6.9
268,PG-13,2h 5min,Biography; Drama; ,22 December 2017 (USA),7.4
269,R,2h 7min,Biography; Comedy; Drama; ,7 October 1994 (USA),7.8
270,R,2h 8min,Biography; Drama; ,30 January 2009 (USA),7.5
271,R,1h 59min,Biography; Comedy; Drama; ,21 December 2018 (USA),7.5
272,R,2h 55min,Action; Biography; Drama; ,24 November 2004 (USA),5.6
273,R,2h 7min,Biography; Drama; ,14 January 2000 (USA),7.3
274,R,1h 59min,Biography; Drama; Romance; ,22 January 2016 (USA),7.1
275,R,2h 37min,Biography; Drama; Thriller; ,5 November 1999 (USA),7.8
276,PG-13,2h 21min,Biography; Drama; History; ,12 October 2018 (USA),7.3
277,R,2h 12min,Biography; Crime; Drama; ,20 November 2015 (USA),6.9
278,R,1h 55min,Action; Biography; Comedy; ,29 September 2017 (USA),7.2
279,R,2h 13min,Biography; Drama; ,25 February 1994 (USA),8.1
280,R,2h 2min,Biography; Drama; ,23 October 2015 (USA),7.2
281,PG-13,2h 5min,Biography; Comedy; Drama; ,20 December 2013 (USA),7.5
282,PG-13,2h 14min,Biography; Drama; History; ,11 December 2009 (USA),7.3
283,Not Rated,2h 41min,Action; Biography; Drama; ,21 December 2016 (USA),8.4
284,PG-13,2h 17min,Biography; Drama; Sport; ,25 December 2014 (USA),7.2
285,PG-13,2h 32min,Biography; Drama; Music; ,29 October 2004 (USA),7.7
286,R,1h 49min,Biography; Crime; Drama; ,30 January 2004 (USA),7.3
287,R,2h 14min,Biography; Drama; Sport; ,16 January 2015 (USA),7.0
288,R,1h 44min,Biography; Comedy; Drama; ,8 December 2017 (USA),7.4
289,R,2h 20min,Biography; Crime; Drama; ,5 January 2018 (USA),7.4
290,R,2h 14min,Biography; Crime; Drama; ,16 September 2016 (USA),7.3
291,PG-13,2h 4min,Biography; Drama; ,25 December 2015 (USA),6.6
292,PG-13,2h 16min,Adventure; Biography; Drama; ,10 October 1997 (USA),7.1
293,R,2h 1min,Biography; Comedy; Drama; ,15 January 1988 (USA),7.3
294,R,1h 54min,Biography; Crime; Drama; ,3 February 2006 (USA),7.3
295,PG-13,2h 16min,Biography; Drama; Sport; ,14 January 2005 (USA),7.3
296,R,2h 10min,Action; Biography; Drama; ,25 December 1993 (USA),7.8
297,R,1h 58min,Biography; Comedy; Drama; ,22 December 1999 (USA),7.4
298,PG-13,3h 17min,Adventure; Biography; Drama; ,17 November 1960 (Brazil),7.9
299,R,2h 1min,Biography; Drama; Music; ,31 May 2019 (USA),7.3
300,PG-13,2h 1min,Comedy; ,1 August 2014 (USA),8.0
301,PG,1h 56min,Comedy; ,3 July 1985 (USA),8.5
302,G,1h 40min,Comedy; ,30 May 2003 (USA),8.1
303,PG,1h 36min,Comedy; ,29 May 2009 (USA),8.2
304,PG,1h 43min,Comedy; ,5 June 1998 (USA),8.1
305,R,1h 48min,Comedy; ,12 February 2016 (USA),8.0
306,G,1h 21min,Comedy; ,22 November 1995 (USA),8.3
307,G,1h 32min,Comedy; ,2 November 2001 (USA),8.0
308,R,1h 42min,Comedy; ,19 January 2001 (USA),8.3
309,G,1h 43min,Comedy; ,18 June 2010 (USA),8.3
310,R,1h 52min,Comedy; ,13 July 2012 (India),8.5
311,R,1h 57min,Comedy; ,6 March 1998 (USA),8.1
312,R,1h 40min,Comedy; ,5 June 2009 (USA),7.7
313,R,2h 2min,Comedy; Romance; ,8 February 2002 (USA),8.3
314,R,1h 39min,Comedy; ,28 March 2014 (USA),8.1
315,R,2h 2min,Comedy; Romance; ,25 December 2012 (USA),7.7
316,G,1h 51min,Comedy; ,29 June 2007 (USA),8.0
317,PG-13,1h 56min,Comedy; Romance; ,12 February 1999 (USA),8.6
318,PG,1h 30min,Comedy; ,18 May 2001 (USA),7.8
319,PG,1h 35min,Comedy; ,19 June 2015 (USA),8.1
320,R,2h 9min,Comedy; ,13 February 2015 (USA),7.7
321,PG,1h 41min,Comedy; Romance; ,12 February 1993 (USA),8.0
322,R,1h 59min,Comedy; ,14 November 2014 (USA),7.7
323,R,1h 46min,Comedy; ,29 June 2012 (USA),6.9
324,PG-13,2h 10min,Comedy; ,3 November 2017 (USA),7.9
325,PG,1h 42min,Comedy; ,27 November 2013 (USA),7.4
326,PG-13,1h 57min,Comedy; ,17 July 2015 (USA),7.3
327,PG-13,2h 16min,Comedy; ,5 May 2017 (USA),7.6
328,R,1h 47min,Comedy; ,28 August 1998 (UK),8.2
329,R,1h 57min,Comedy; ,16 April 2010 (USA),7.6
330,G,1h 32min,Comedy; ,24 November 1999 (USA),7.9
331,R,1h 53min,Comedy; ,17 August 2007 (USA),7.6
332,R,1h 28min,Comedy; ,2 October 2009 (USA),7.6
333,PG-13,1h 38min,Comedy; ,2 July 1997 (USA),7.3
334,R,1h 49min,Comedy; ,16 March 2012 (USA),7.2
335,R,1h 39min,Comedy; ,24 September 2004 (USA),7.9
336,PG,1h 35min,Comedy; ,9 July 2010 (USA),7.6
337,PG,1h 31min,Comedy; ,6 December 1979 (India),8.2
338,R,2h 41min,Comedy; ,26 July 2019 (USA),7.7
339,PG-13,2h 8min,Comedy; ,25 December 2016 (USA),8.0
340,PG-13,1h 36min,Comedy; ,25 December 2007 (USA),7.4
341,R,1h 41min,Comedy; ,14 April 2000 (USA),7.6
342,PG,1h 48min,Comedy; ,22 November 1989 (USA),7.8
343,PG-13,1h 35min,Comedy; Romance; ,7 August 2009 (USA),7.7
344,PG-13,1h 58min,Comedy; Romance; ,29 July 2011 (USA),7.4
345,R,1h 59min,Comedy; ,18 May 2018 (USA),7.7
346,R,1h 42min,Comedy; ,26 May 2011 (USA),6.4
347,R,2h 1min,Comedy; ,20 April 2007 (USA),7.8
348,PG,1h 43min,Comedy; ,16 November 1990 (USA),7.6
349,R,2h 12min,Comedy; ,8 November 2019 (USA),8.6
350,PG-13,2h,Comedy; ,10 June 2005 (USA),6.5
351,PG,1h 35min,Comedy; ,29 January 1964 (USA),8.4
352,R,1h 41min,Comedy; ,18 August 2006 (USA),7.8
353,PG,1h 21min,Comedy; ,15 March 2002 (USA),7.5
354,PG,1h 48min,Comedy; ,4 March 2016 (USA),8.0
355,R,1h 38min,Comedy; ,8 July 2011 (USA),6.9
356,R,2h 15min,Comedy; Romance; ,14 November 2003 (USA),7.6
357,PG,1h 55min,Comedy; ,15 July 2005 (USA),6.6
358,PG,1h 33min,Comedy; ,19 May 2004 (USA),7.2
359,PG,2h 8min,Comedy; ,9 June 1989 (USA),8.1
360,R,1h 55min,Comedy; ,1 December 2017 (USA),8.2
361,R,1h 42min,Comedy; ,3 October 2003 (USA),7.7
362,PG,1h 40min,Comedy; ,24 November 2010 (USA),7.7
363,PG-13,2h 8min,Comedy; Romance; ,18 June 2004 (USA),7.4
364,R,1h 50min,Comedy; ,7 August 2013 (USA),7.0
365,PG,1h 58min,Comedy; ,25 May 1990 (USA),7.4
366,R,1h 56min,Comedy; Romance; ,19 August 2005 (USA),7.1
367,R,1h 47min,Comedy; ,29 February 2008 (USA),7.9
368,PG-13,1h 34min,Comedy; Romance; ,10 June 2011 (USA),7.7
369,R,1h 47min,Comedy; ,12 June 2013 (USA),6.6
370,R,1h 47min,Comedy; ,13 August 2008 (USA),7.0
371,PG,1h 41min,Comedy; ,2 November 2012 (USA),7.7
372,R,1h 35min,Comedy; ,9 July 1999 (USA),7.0
373,PG-13,1h 52min,Comedy; ,13 August 2010 (USA),7.5
374,PG-13,1h 41min,Comedy; ,23 May 2003 (USA),6.8
375,PG,1h 33min,Comedy; ,22 June 2012 (USA),7.1
376,PG,1h 38min,Comedy; ,3 July 2013 (USA),7.3
377,G,1h 30min,Comedy; ,25 November 1992 (USA),8.0
378,PG-13,1h 49min,Comedy; ,30 June 2006 (USA),6.9
379,R,1h 34min,Comedy; ,17 August 1979 (USA),8.1
380,PG,1h 26min,Comedy; ,27 May 2005 (USA),6.9
381,G,1h 57min,Comedy; ,9 June 2006 (USA),7.1
382,PG-13,1h 32min,Comedy; Romance; ,17 September 2010 (USA),7.0
383,PG-13,1h 47min,Comedy; ,16 December 1994 (USA),7.3
384,R,1h 24min,Comedy; ,3 November 2006 (USA),7.3
385,PG,1h 45min,Comedy; ,8 June 1984 (USA),7.8
386,R,2h 10min,Comedy; ,23 December 2015 (USA),7.8
387,R,1h 37min,Comedy; ,15 February 1985 (USA),7.9
388,R,2h 9min,Comedy; Romance; ,1 June 2007 (USA),6.9
389,PG-13,2h 10min,Comedy; ,27 November 2019 (USA),7.9
390,R,1h 52min,Comedy; ,13 June 2014 (USA),7.0
391,PG-13,1h 41min,Comedy; ,29 July 1994 (USA),6.9
392,PG-13,1h 28min,Comedy; ,3 July 2002 (USA),6.2
393,PG-13,2h 10min,Comedy; ,16 November 2018 (USA),8.2
394,R,1h 49min,Comedy; Romance; ,22 July 2011 (USA),6.5
395,PG-13,2h 50min,Comedy; ,25 December 2009 (India),8.4
396,PG-13,1h 44min,Comedy; Romance; ,19 December 2008 (USA),6.8
397,PG-13,1h 46min,Comedy; ,25 May 2012 (USA),6.8
398,R,1h 59min,Comedy; Romance; ,15 July 2005 (USA),6.9
399,PG-13,1h 34min,Comedy; ,9 July 2004 (USA),7.2
400,PG-13,2h 32min,Action; Crime; Drama; ,18 July 2008 (USA),9.0
401,R,2h 34min,Crime; Drama; ,14 October 1994 (USA),8.9
402,R,2h 55min,Crime; Drama; ,24 March 1972 (USA),9.2
403,R,2h 7min,Crime; Drama; Mystery; ,22 September 1995 (USA),8.6
404,R,1h 58min,Crime; Drama; Thriller; ,14 February 1991 (USA),8.6
405,R,2h 31min,Crime; Drama; Thriller; ,6 October 2006 (USA),8.5
406,R,3h,Biography; Crime; Drama; ,25 December 2013 (USA),8.2
407,R,3h 9min,Crime; Drama; Fantasy; ,10 December 1999 (USA),8.6
408,R,3h 22min,Crime; Drama; ,18 December 1974 (USA),9.0
409,R,1h 50min,Action; Crime; Drama; ,18 November 1994 (USA),8.5
410,R,2h 26min,Biography; Crime; Drama; ,21 September 1990 (USA),8.7
411,R,1h 51min,Action; Crime; Thriller; ,10 October 2003 (USA),8.1
412,R,1h 46min,Crime; Mystery; Thriller; ,16 August 1995 (USA),8.5
413,R,1h 39min,Crime; Drama; Thriller; ,2 September 1992 (France),8.3
414,R,2h 2min,Crime; Drama; Thriller; ,21 November 2007 (USA),8.1
415,R,2h 2min,Crime; Drama; Thriller; ,4 October 2019 (USA),8.5
416,PG-13,2h 21min,Biography; Crime; Drama; ,25 December 2002 (USA),8.1
417,R,1h 42min,Comedy; Crime; ,19 January 2001 (USA),8.3
418,R,2h 16min,Crime; Drama; Sci-Fi; ,2 February 1972 (USA),8.3
419,R,2h 4min,Crime; Thriller; ,1 April 2005 (USA),8.0
420,R,2h 50min,Crime; Drama; ,9 December 1983 (USA),8.3
421,R,1h 57min,Comedy; Crime; Sport; ,6 March 1998 (USA),8.1
422,R,1h 54min,Crime; Drama; ,9 February 1976 (USA),8.3
423,R,2h 10min,Crime; Drama; ,13 February 2004 (USA),8.6
424,R,1h 39min,Adventure; Comedy; Crime; ,28 March 2014 (USA),8.1
425,R,2h 17min,Action; Crime; Thriller; ,16 April 2004 (USA),8.0
426,Approved,1h 36min,Crime; Drama; ,10 April 1957 (USA),8.9
427,R,1h 38min,Crime; Drama; Thriller; ,5 April 1996 (USA),8.1
428,PG-13,1h 55min,Crime; Mystery; Thriller; ,31 May 2013 (USA),7.3
429,R,2h 33min,Crime; Drama; Mystery; ,20 September 2013 (USA),8.1
430,R,2h 50min,Crime; Drama; Thriller; ,15 December 1995 (USA),8.2
431,R,1h 40min,Crime; Drama; ,16 September 2011 (USA),7.8
432,R,1h 47min,Action; Comedy; Crime; ,28 August 1998 (UK),8.2
433,R,2h 18min,Crime; Drama; Mystery; ,19 September 1997 (USA),8.2
434,R,1h 57min,Action; Comedy; Crime; ,16 April 2010 (USA),7.6
435,R,1h 41min,Action; Crime; Thriller; ,24 October 2014 (USA),7.4
436,PG-13,1h 56min,Crime; Thriller; ,7 December 2001 (USA),7.7
437,R,1h 49min,Action; Comedy; Crime; ,16 March 2012 (USA),7.2
438,PG-13,2h 25min,Action; Crime; Mystery; ,21 June 2002 (USA),7.6
439,R,2h 48min,Crime; Drama; Mystery; ,30 December 2015 (USA),7.8
440,R,1h 41min,Comedy; Crime; Drama; ,14 April 2000 (USA),7.6
441,R,2h 58min,Crime; Drama; ,22 November 1995 (USA),8.2
442,R,1h 57min,Crime; Drama; Thriller; ,31 October 2014 (USA),7.9
443,PG-13,2h,Action; Comedy; Crime; ,10 June 2005 (USA),6.5
444,R,2h 18min,Crime; Drama; ,20 December 2013 (USA),7.2
445,R,2h 37min,Crime; Drama; Mystery; ,2 March 2007 (USA),7.7
446,R,1h 53min,Action; Crime; Drama; ,28 June 2017 (USA),7.6
447,R,1h 38min,Comedy; Crime; ,8 July 2011 (USA),6.9
448,R,1h 52min,Crime; Drama; Thriller; ,6 May 2005 (USA),7.7
449,PG-13,2h 14min,Biography; Crime; Drama; ,11 October 2013 (USA),7.8
450,R,2h 18min,Crime; Drama; Mystery; ,15 October 2003 (USA),7.9
451,R,2h 38min,Crime; Drama; Mystery; ,21 December 2011 (USA),7.8
452,R,1h 55min,Comedy; Crime; Drama; ,1 December 2017 (USA),8.2
453,R,2h 9min,Biography; Crime; Drama; ,20 November 2015 (USA),8.1
454,R,2h 47min,Crime; Drama; ,20 December 2002 (USA),7.5
455,R,1h 50min,Comedy; Crime; ,7 August 2013 (USA),7.0
456,R,2h 37min,Biography; Crime; Drama; ,2 November 2007 (USA),7.8
457,R,1h 47min,Comedy; Crime; Drama; ,29 February 2008 (USA),7.9
458,R,2h 2min,Crime; Drama; Thriller; ,5 October 2001 (USA),7.7
459,R,2h 1min,Action; Crime; Drama; ,2 October 2015 (USA),7.6
460,R,1h 50min,Action; Crime; Fantasy; ,27 June 2008 (USA),6.7
461,R,2h,Crime; Drama; Thriller; ,6 August 2004 (USA),7.5
462,PG-13,2h 5min,Crime; Thriller; ,10 December 2004 (USA),6.5
463,R,2h 42min,Crime; Drama; ,25 December 1990 (USA),7.6
464,R,2h 2min,Action; Crime; Thriller; ,10 February 2017 (USA),7.5
465,PG-13,2h 10min,Action; Adventure; Crime; ,29 April 2011 (USA),7.3
466,R,2h 18min,Action; Crime; Sci-Fi; ,27 June 1997 (USA),7.3
467,PG-13,2h 10min,Comedy; Crime; Drama; ,27 November 2019 (USA),7.9
468,R,2h 5min,Crime; Drama; Thriller; ,17 September 2010 (USA),7.5
469,PG-13,1h 46min,Action; Crime; Thriller; ,22 June 2001 (USA),6.8
470,R,1h 52min,Action; Comedy; Crime; ,13 June 2014 (USA),7.0
471,PG-13,1h 51min,Action; Crime; Thriller; ,30 May 2003 (USA),7.0
472,PG-13,1h 41min,Action; Comedy; Crime; ,29 July 1994 (USA),6.9
473,R,2h 9min,Crime; Drama; Mystery; ,24 March 2006 (USA),7.6
474,R,2h 12min,Action; Crime; Thriller; ,26 September 2014 (USA),7.2
475,R,2h 26min,Action; Crime; Drama; ,23 April 2004 (USA),7.7
476,PG-13,2h 2min,Action; Crime; Thriller; ,8 June 2007 (USA),6.9
477,R,1h 51min,Action; Comedy; Crime; ,6 August 2008 (USA),6.9
478,R,2h 34min,Crime; Drama; Thriller; ,25 December 1997 (USA),7.5
479,R,1h 36min,Comedy; Crime; Drama; ,12 September 2008 (USA),7.0
480,R,3h 49min,Crime; Drama; ,1 June 1984 (USA),8.4
481,R,3h 29min,Biography; Crime; Drama; ,27 November 2019 (USA),7.9
482,R,1h 50min,Crime; Drama; Mystery; ,7 April 2006 (USA),7.7
483,PG,2h,Adventure; Comedy; Crime; ,20 November 1992 (USA),6.8
484,R,2h 2min,Action; Crime; Drama; ,16 September 2005 (USA),7.6
485,PG-13,2h 6min,Action; Crime; Sci-Fi; ,22 November 2006 (USA),7.0
486,Approved,2h 9min,Crime; Drama; ,16 March 1963 (USA),8.2
487,R,1h 40min,Comedy; Crime; ,23 May 2013 (USA),5.8
488,PG-13,1h 51min,Action; Comedy; Crime; ,15 October 2010 (USA),7.0
489,R,2h 2min,Action; Crime; Drama; ,7 September 2007 (USA),7.7
490,PG-13,1h 32min,Action; Crime; Thriller; ,11 October 2002 (USA),6.8
491,R,1h 48min,Action; Crime; Horror; ,19 January 1996 (USA),7.2
492,PG-13,1h 47min,Adventure; Comedy; Crime; ,2 February 2001 (USA),7.7
493,R,2h 20min,Biography; Crime; Drama; ,1 July 2009 (USA),7.0
494,R,1h 59min,Crime; Drama; Thriller; ,3 June 1987 (USA),7.9
495,R,1h 55min,Action; Crime; Thriller; ,6 June 1997 (USA),6.9
496,R,2h 7min,Biography; Crime; Drama; ,28 February 1997 (USA),7.7
497,PG-13,2h 6min,Action; Crime; Fantasy; ,19 June 1992 (USA),7.0
498,R,1h 56min,Action; Comedy; Crime; ,20 May 2016 (USA),7.4
499,R,1h 49min,Action; Crime; Drama; ,16 October 2009 (USA),7.4
500,R,2h 22min,Drama; ,14 October 1994 (USA),9.3
501,PG-13,2h 32min,Action; Crime; Drama; ,18 July 2008 (USA),9.0
502,R,2h 19min,Drama; ,15 October 1999 (USA),8.8
503,R,2h 34min,Crime; Drama; ,14 October 1994 (USA),8.9
504,PG-13,2h 22min,Drama; Romance; ,6 July 1994 (USA),8.8
505,PG-13,2h 58min,Action; Adventure; Drama; ,19 December 2001 (USA),8.8
506,PG-13,3h 21min,Adventure; Drama; Fantasy; ,17 December 2003 (USA),8.9
507,R,2h 55min,Crime; Drama; ,24 March 1972 (USA),9.2
508,PG-13,2h 59min,Adventure; Drama; Fantasy; ,18 December 2002 (USA),8.7
509,PG-13,2h 49min,Adventure; Drama; Sci-Fi; ,7 November 2014 (USA),8.6
510,R,2h 7min,Crime; Drama; Mystery; ,22 September 1995 (USA),8.6
511,R,2h 45min,Drama; Western; ,25 December 2012 (USA),8.4
512,R,2h 35min,Action; Adventure; Drama; ,5 May 2000 (USA),8.5
513,R,1h 58min,Crime; Drama; Thriller; ,14 February 1991 (USA),8.6
514,R,2h 33min,Adventure; Drama; War; ,21 August 2009 (USA),8.3
515,R,2h 49min,Drama; War; ,24 July 1998 (USA),8.6
516,R,3h 15min,Biography; Drama; History; ,4 February 1994 (USA),8.9
517,R,2h 31min,Crime; Drama; Thriller; ,6 October 2006 (USA),8.5
518,PG-13,2h 10min,Drama; Mystery; Sci-Fi; ,20 October 2006 (USA),8.5
519,R,3h,Biography; Crime; Drama; ,25 December 2013 (USA),8.2
520,R,3h 9min,Crime; Drama; Fantasy; ,10 December 1999 (USA),8.6
521,R,3h 22min,Crime; Drama; ,18 December 1974 (USA),9.0
522,R,2h 2min,Drama; ,1 October 1999 (USA),8.3
523,PG-13,3h 14min,Drama; Romance; ,19 December 1997 (USA),7.8
524,R,1h 59min,Drama; ,20 November 1998 (USA),8.5
525,R,2h 12min,Action; Drama; Sci-Fi; ,17 March 2006 (USA),8.2
526,R,1h 50min,Action; Crime; Drama; ,18 November 1994 (USA),8.5
527,R,2h 26min,Biography; Crime; Drama; ,21 September 1990 (USA),8.7
528,R,2h 58min,Biography; Drama; History; ,24 May 1995 (USA),8.3
529,G,1h 28min,Animation; Adventure; Drama; ,24 June 1994 (USA),8.5
530,PG,1h 43min,Comedy; Drama; Sci-Fi; ,5 June 1998 (USA),8.1
531,R,1h 39min,Crime; Drama; Thriller; ,2 September 1992 (France),8.3
532,PG-13,1h 47min,Drama; Mystery; Thriller; ,6 August 1999 (USA),8.1
533,R,2h 13min,Drama; ,19 November 1975 (USA),8.7
534,R,1h 48min,Drama; Romance; Sci-Fi; ,19 March 2004 (USA),8.3
535,R,2h 26min,Drama; Horror; ,13 June 1980 (USA),8.4
536,R,2h 6min,Drama; Romance; ,9 January 1998 (USA),8.3
537,R,2h 29min,Drama; Mystery; Thriller; ,3 October 2014 (USA),8.1
538,R,2h 2min,Crime; Drama; Thriller; ,21 November 2007 (USA),8.1
539,R,2h 2min,Crime; Drama; Thriller; ,4 October 2019 (USA),8.5
540,PG-13,2h 15min,Biography; Drama; ,4 January 2002 (USA),8.2
541,PG-13,2h 21min,Biography; Crime; Drama; ,25 December 2002 (USA),8.1
542,R,2h,Drama; Romance; ,25 December 2008 (USA),8.0
543,PG-13,1h 31min,Drama; Sci-Fi; Thriller; ,4 October 2013 (USA),7.7
544,R,1h 42min,Drama; ,15 December 2000 (USA),8.3
545,PG-13,2h 10min,Adventure; Drama; Fantasy; ,15 July 2011 (USA),8.1
546,PG-13,3h 1min,Action; Adventure; Drama; ,26 April 2019 (USA),8.4
547,R,2h 16min,Crime; Drama; Sci-Fi; ,2 February 1972 (USA),8.3
548,PG-13,2h 24min,Adventure; Drama; Sci-Fi; ,2 October 2015 (USA),8.0
549,R,1h 52min,Biography; Comedy; Drama; ,13 July 2012 (India),8.5
550,R,1h 53min,Drama; Mystery; Sci-Fi; ,30 January 2002 (France),8.0
551,R,1h 57min,Action; Drama; ,9 March 2007 (USA),7.6
552,R,2h 50min,Crime; Drama; ,9 December 1983 (USA),8.3
553,R,1h 56min,Drama; ,9 January 2009 (USA),8.1
554,R,2h 30min,Biography; Drama; Music; ,28 March 2003 (USA),8.5
555,R,1h 54min,Crime; Drama; ,9 February 1976 (USA),8.3
556,R,1h 46min,Drama; Music; ,20 February 2015 (India),8.5
557,R,1h 48min,Drama; Thriller; ,17 December 2010 (USA),8.0
558,R,2h 10min,Crime; Drama; ,13 February 2004 (USA),8.6
559,R,2h 36min,Action; Adventure; Drama; ,8 January 2016 (USA),8.0
560,PG-13,1h 41min,Action; Adventure; Drama; ,14 December 2007 (USA),7.2
561,PG-13,1h 54min,Biography; Drama; Thriller; ,25 December 2014 (USA),8.0
562,Approved,1h 36min,Crime; Drama; ,10 April 1957 (USA),8.9
563,R,1h 56min,Drama; War; ,10 July 1987 (USA),8.3
564,R,2h 2min,Comedy; Drama; Romance; ,25 December 2012 (USA),7.7
565,R,1h 58min,Biography; Drama; History; ,25 December 2010 (USA),8.0
566,R,2h 17min,Action; Drama; Sci-Fi; ,3 March 2017 (USA),8.1
567,R,1h 33min,Drama; ,9 August 1996 (USA),8.1
568,R,2h 14min,Biography; Drama; History; ,8 November 2013 (USA),8.1
569,PG-13,2h 12min,Drama; Sport; ,28 January 2005 (USA),8.1
570,PG-13,2h,Biography; Drama; ,1 October 2010 (USA),7.7
571,R,1h 58min,Drama; Fantasy; War; ,19 January 2007 (USA),8.2
572,PG-13,1h 56min,Comedy; Drama; Romance; ,12 February 1999 (USA),8.6
573,R,1h 38min,Crime; Drama; Thriller; ,5 April 1996 (USA),8.1
574,R,2h 27min,Drama; Mystery; War; ,15 August 1979 (USA),8.4
575,R,2h 33min,Crime; Drama; Mystery; ,20 September 2013 (USA),8.1
576,PG-13,2h 46min,Drama; Fantasy; Romance; ,25 December 2008 (USA),7.8
577,PG-13,1h 56min,Drama; Mystery; Sci-Fi; ,11 November 2016 (USA),7.9
578,PG,2h 7min,Adventure; Drama; Fantasy; ,21 November 2012 (USA),7.9
579,R,1h 59min,Comedy; Drama; ,14 November 2014 (USA),7.7
580,R,2h,Biography; Drama; Thriller; ,12 October 2012 (USA),7.7
581,R,2h 50min,Crime; Drama; Thriller; ,15 December 1995 (USA),8.2
582,R,2h 28min,Adventure; Biography; Drama; ,19 October 2007 (USA),8.1
583,R,1h 40min,Crime; Drama; ,16 September 2011 (USA),7.8
584,R,1h 53min,Action; Drama; Sci-Fi; ,28 September 2012 (USA),7.4
585,PG-13,1h 46min,Action; Drama; History; ,21 July 2017 (USA),7.9
586,R,2h 18min,Crime; Drama; Mystery; ,19 September 1997 (USA),8.2
587,R,2h 6min,Drama; Romance; Sci-Fi; ,10 January 2014 (USA),8.0
588,PG-13,2h 23min,Adventure; Drama; Romance; ,22 December 2000 (USA),7.8
589,PG,1h 42min,Drama; Romance; War; ,23 January 1943 (USA),8.5
590,PG-13,2h 3min,Drama; Romance; ,25 June 2004 (USA),7.8
591,PG,2h,Drama; Sport; ,3 December 1976 (USA),8.1
592,R,2h 38min,Drama; ,25 January 2008 (USA),8.2
593,R,1h 41min,Action; Drama; Mystery; ,21 November 2003 (South Korea),8.4
594,R,2h 48min,Crime; Drama; Mystery; ,30 December 2015 (USA),7.8
595,PG-13,1h 45min,Action; Drama; Sci-Fi; ,5 August 2011 (USA),7.6
596,PG-13,1h 55min,Action; Drama; Sci-Fi; ,16 July 2004 (USA),7.1
597,R,2h 41min,Comedy; Drama; ,26 July 2019 (USA),7.7
598,R,2h 42min,Action; Drama; Mystery; ,6 March 2009 (USA),7.6
599,R,2h 23min,Adventure; Drama; Thriller; ,8 December 2006 (USA),8.0
600,PG-13,3h 21min,Adventure; Drama; Fantasy; ,17 December 2003 (USA),8.9
601,PG-13,2h 59min,Adventure; Drama; Fantasy; ,18 December 2002 (USA),8.7
602,PG,2h 1min,Action; Adventure; Fantasy; ,25 May 1977 (USA),8.6
603,PG,2h 4min,Action; Adventure; Fantasy; ,20 June 1980 (USA),8.7
604,R,3h 9min,Crime; Drama; Fantasy; ,10 December 1999 (USA),8.6
605,PG-13,2h 42min,Action; Adventure; Fantasy; ,18 December 2009 (USA),7.8
606,PG-13,2h 23min,Action; Adventure; Fantasy; ,9 July 2003 (USA),8.0
607,PG,2h 11min,Action; Adventure; Fantasy; ,25 May 1983 (USA),8.3
608,PG-13,2h 49min,Adventure; Fantasy; ,14 December 2012 (USA),7.8
609,PG-13,2h 10min,Adventure; Drama; Fantasy; ,15 July 2011 (USA),8.1
610,PG-13,1h 55min,Action; Adventure; Fantasy; ,6 May 2011 (USA),7.0
611,PG,2h 16min,Action; Adventure; Fantasy; ,19 May 1999 (USA),6.5
612,PG-13,2h 20min,Action; Adventure; Fantasy; ,19 May 2005 (USA),7.5
613,PG-13,2h 31min,Action; Adventure; Fantasy; ,7 July 2006 (USA),7.3
614,PG,2h 22min,Action; Adventure; Fantasy; ,16 May 2002 (USA),6.5
615,PG,2h 32min,Adventure; Fantasy; ,16 November 2001 (USA),7.6
616,R,1h 58min,Drama; Fantasy; War; ,19 January 2007 (USA),8.2
617,PG-13,2h 41min,Adventure; Fantasy; ,13 December 2013 (USA),7.8
618,PG-13,2h 49min,Action; Adventure; Fantasy; ,25 May 2007 (USA),7.1
619,PG-13,2h 3min,Action; Adventure; Fantasy; ,5 August 2016 (USA),6.0
620,PG-13,1h 52min,Action; Adventure; Fantasy; ,8 November 2013 (USA),6.9
621,PG-13,1h 55min,Action; Adventure; Fantasy; ,4 November 2016 (USA),7.5
622,PG-13,2h 46min,Drama; Fantasy; Romance; ,25 December 2008 (USA),7.8
623,PG,2h 7min,Adventure; Drama; Fantasy; ,21 November 2012 (USA),7.9
624,PG,1h 41min,Comedy; Fantasy; Romance; ,12 February 1993 (USA),8.0
625,PG-13,2h 32min,Action; Adventure; Fantasy; ,15 December 2017 (USA),7.0
626,PG,2h 41min,Adventure; Fantasy; ,15 November 2002 (USA),7.4
627,PG-13,2h 21min,Action; Adventure; Fantasy; ,2 June 2017 (USA),7.4
628,PG,2h 22min,Adventure; Fantasy; ,4 June 2004 (USA),7.9
629,PG-13,2h 37min,Adventure; Fantasy; ,18 November 2005 (USA),7.7
630,R,1h 28min,Adventure; Comedy; Fantasy; ,2 October 2009 (USA),7.6
631,PG,1h 31min,Adventure; Comedy; Fantasy; ,6 December 1979 (India),8.2
632,PG-13,2h 16min,Action; Adventure; Fantasy; ,20 May 2011 (USA),6.6
633,PG-13,2h 24min,Adventure; Fantasy; ,17 December 2014 (USA),7.4
634,PG-13,2h 26min,Adventure; Fantasy; ,19 November 2010 (USA),7.7
635,PG-13,1h 45min,Drama; Fantasy; Romance; ,14 December 1990 (USA),7.9
636,PG-13,1h 32min,Action; Fantasy; ,2 July 2008 (USA),6.4
637,PG-13,2h 2min,Drama; Fantasy; Romance; ,21 November 2008 (USA),5.2
638,G,1h 24min,Animation; Fantasy; ,22 November 1991 (USA),8.0
639,PG-13,2h 5min,Adventure; Drama; Fantasy; ,9 January 2004 (USA),8.0
640,PG-13,2h 12min,Adventure; Fantasy; ,18 November 2016 (USA),7.3
641,Passed,2h 10min,Drama; Fantasy; ,7 January 1947 (USA),8.6
642,PG-13,2h 4min,Action; Adventure; Fantasy; ,7 May 1999 (USA),7.0
643,PG,1h 38min,Adventure; Fantasy; ,9 October 1987 (USA),8.1
644,PG-13,1h 34min,Comedy; Fantasy; Romance; ,10 June 2011 (USA),7.7
645,PG,1h 48min,Adventure; Fantasy; ,5 March 2010 (USA),6.4
646,PG-13,2h,Action; Adventure; Fantasy; ,17 November 2017 (USA),6.4
647,PG,1h 42min,Adventure; Fantasy; ,25 August 1939 (USA),8.0
648,PG-13,1h 52min,Action; Comedy; Fantasy; ,13 August 2010 (USA),7.5
649,PG-13,1h 41min,Comedy; Drama; Fantasy; ,23 May 2003 (USA),6.8
650,PG,2h 23min,Adventure; Fantasy; ,9 December 2005 (USA),6.9
651,R,2h 3min,Adventure; Drama; Fantasy; ,22 December 2017 (USA),7.3
652,R,1h 50min,Action; Crime; Fantasy; ,27 June 2008 (USA),6.7
653,PG-13,1h 50min,Drama; Fantasy; History; ,1 September 2006 (USA),7.6
654,PG,1h 45min,Action; Comedy; Fantasy; ,8 June 1984 (USA),7.8
655,PG-13,2h 23min,Action; Adventure; Fantasy; ,21 December 2018 (USA),7.0
656,PG-13,2h 22min,Action; Adventure; Fantasy; ,20 December 2019 (USA),6.7
657,PG-13,2h 14min,Animation; Adventure; Fantasy; ,19 December 1997 (USA),8.4
658,R,1h 45min,Fantasy; Horror; Mystery; ,19 November 1999 (USA),7.3
659,PG-13,1h 46min,Action; Adventure; Fantasy; ,8 July 2005 (USA),5.7
660,R,1h 53min,Comedy; Drama; Fantasy; ,3 December 1999 (USA),7.7
661,PG-13,2h 2min,Action; Fantasy; Horror; ,2 April 2004 (USA),6.8
662,PG-13,1h 47min,Comedy; Drama; Fantasy; ,23 June 2006 (USA),6.4
663,PG,2h 6min,Drama; Fantasy; ,23 November 2011 (USA),7.5
664,R,2h 1min,Action; Fantasy; Horror; ,18 February 2005 (USA),7.0
665,PG-13,2h 10min,Action; Adventure; Fantasy; ,4 May 2001 (USA),6.3
666,R,2h 3min,Comedy; Drama; Fantasy; ,8 November 2013 (USA),7.8
667,PG,1h 54min,Comedy; Drama; Fantasy; ,25 December 2013 (USA),7.3
668,PG,1h 16min,Animation; Fantasy; ,29 October 1993 (USA),8.0
669,PG-13,1h 26min,Comedy; Fantasy; ,21 March 1997 (USA),6.9
670,G,1h 26min,Animation; Fantasy; ,13 July 1990 (USA),8.2
671,PG-13,2h 6min,Action; Crime; Fantasy; ,19 June 1992 (USA),7.0
672,PG-13,1h 56min,Action; Adventure; Fantasy; ,28 May 2010 (USA),6.6
673,PG-13,1h 46min,Action; Adventure; Fantasy; ,2 April 2010 (USA),5.8
674,PG,2h 9min,Fantasy; ,17 March 2017 (USA),7.1
675,PG-13,1h 58min,Action; Adventure; Fantasy; ,10 March 2017 (USA),6.6
676,PG-13,2h 10min,Adventure; Drama; Fantasy; ,20 November 2009 (USA),4.7
677,PG-13,2h 9min,Action; Adventure; Fantasy; ,26 May 2017 (USA),6.6
678,PG-13,2h,Action; Adventure; Fantasy; ,11 July 2008 (USA),7.0
679,PG-13,1h 44min,Fantasy; Horror; Mystery; ,22 June 2007 (USA),6.8
680,PG,1h 32min,Comedy; Fantasy; ,30 March 1988 (USA),7.5
681,PG-13,2h,Action; Adventure; Fantasy; ,12 January 2001 (USA),7.8
682,PG-13,2h 7min,Adventure; Fantasy; ,10 August 2007 (USA),7.6
683,R,2h 1min,Action; Fantasy; Thriller; ,19 September 2003 (USA),7.0
684,PG,1h 32min,Action; Adventure; Fantasy; ,15 June 2007 (USA),5.6
685,R,2h 16min,Fantasy; Mystery; Romance; ,14 December 2001 (USA),6.9
686,PG-13,1h 53min,Comedy; Fantasy; Horror; ,11 May 2012 (USA),6.2
687,PG-13,2h 11min,Action; Adventure; Fantasy; ,7 May 2004 (USA),6.1
688,PG-13,2h 3min,Action; Adventure; Fantasy; ,10 June 2016 (USA),6.8
689,G,1h 23min,Animation; Fantasy; ,17 November 1989 (USA),7.6
690,PG-13,1h 50min,Action; Adventure; Fantasy; ,25 March 2011 (USA),6.0
691,PG-13,1h 55min,Adventure; Drama; Fantasy; ,16 November 2012 (USA),5.5
692,PG-13,2h 4min,Adventure; Drama; Fantasy; ,30 June 2010 (USA),5.0
693,PG-13,1h 54min,Action; Adventure; Fantasy; ,1 November 2013 (USA),6.6
694,PG-13,1h 50min,Action; Fantasy; Thriller; ,16 February 2007 (USA),5.2
695,PG-13,1h 57min,Adventure; Drama; Fantasy; ,18 November 2011 (USA),4.9
696,PG-13,1h 53min,Comedy; Drama; Fantasy; ,10 November 2006 (USA),7.5
697,PG,1h 37min,Comedy; Fantasy; ,7 November 2003 (USA),6.9
698,PG,2h 8min,Adventure; Fantasy; ,24 May 2019 (USA),7.0
699,R,2h 21min,Drama; Fantasy; Romance; ,26 September 2013 (USA),7.8
700,R,3h 15min,Biography; Drama; History; ,4 February 1994 (USA),8.9
701,R,2h 58min,Biography; Drama; History; ,24 May 1995 (USA),8.3
702,R,1h 58min,Biography; Drama; History; ,25 December 2010 (USA),8.0
703,R,2h 14min,Biography; Drama; History; ,8 November 2013 (USA),8.1
704,PG-13,1h 46min,Action; Drama; History; ,21 July 2017 (USA),7.9
705,R,2h 43min,Drama; History; ,14 May 2004 (USA),7.2
706,R,2h 19min,Biography; Drama; History; ,4 November 2016 (USA),8.1
707,R,2h 40min,Biography; Drama; History; ,19 September 1984 (USA),8.3
708,R,2h 24min,Drama; History; War; ,18 January 2002 (USA),7.7
709,PG-13,1h 50min,Drama; Fantasy; History; ,1 September 2006 (USA),7.6
710,PG-13,2h 1min,Biography; Drama; History; ,4 February 2005 (USA),8.1
711,R,2h 36min,Biography; Drama; History; ,8 April 2005 (USA),8.2
712,PG-13,3h 3min,Action; Drama; History; ,25 May 2001 (USA),6.2
713,PG-13,2h 38min,Drama; History; ,25 December 2012 (USA),7.6
714,Passed,3h 58min,Drama; History; Romance; ,17 January 1940 (USA),8.1
715,PG-13,2h 22min,Drama; History; Thriller; ,16 October 2015 (USA),7.6
716,R,2h 37min,Drama; History; Thriller; ,11 January 2013 (USA),7.4
717,PG,2h 20min,Adventure; Drama; History; ,30 June 1995 (USA),7.6
718,R,2h 45min,Action; Drama; History; ,28 June 2000 (USA),7.2
719,PG-13,2h 30min,Biography; Drama; History; ,16 November 2012 (USA),7.3
720,R,2h 11min,Drama; History; War; ,16 March 2001 (USA),7.6
721,PG-13,2h 3min,Crime; Drama; History; ,28 March 2008 (USA),6.8
722,PG-13,2h 1min,Drama; History; Thriller; ,25 December 2008 (USA),7.1
723,Not Rated,2h 52min,Adventure; Drama; History; ,4 July 1963 (USA),8.2
724,PG,3h 11min,Biography; Drama; History; ,25 February 1983 (USA),8.0
725,G,3h 32min,Adventure; Drama; History; ,29 January 1960 (Brazil),8.1
726,R,2h 3min,Comedy; Drama; History; ,8 January 1999 (USA),7.1
727,R,2h 44min,Action; Drama; History; ,6 January 2006 (USA),7.5
728,PG,2h 7min,Biography; Drama; History; ,6 January 2017 (USA),7.8
729,PG-13,1h 54min,Drama; History; Thriller; ,4 January 2013 (USA),7.6
730,R,2h 27min,Biography; Drama; History; ,14 August 2015 (USA),7.9
731,PG-13,2h 24min,Biography; Drama; History; ,3 June 2005 (USA),8.0
732,R,2h 3min,Biography; Drama; History; ,19 January 2007 (USA),7.7
733,PG-13,2h,Action; Adventure; History; ,27 August 2004 (USA),7.9
734,PG-13,2h 21min,Biography; Drama; History; ,12 October 2018 (USA),7.3
735,PG-13,2h 14min,Biography; Drama; History; ,11 December 2009 (USA),7.3
736,PG-13,1h 47min,Action; Drama; History; ,30 September 2016 (USA),7.1
737,PG,3h 5min,Adventure; Drama; History; ,18 December 1975 (USA),8.1
738,R,3h 9min,Drama; History; Thriller; ,20 December 1991 (USA),8.0
739,R,2h 34min,Adventure; Drama; History; ,25 December 2003 (USA),7.2
740,R,2h 17min,Action; Drama; History; ,16 January 2009 (USA),7.2
741,R,2h 18min,Action; Drama; History; ,1 March 2002 (USA),7.2
742,PG-13,1h 58min,Comedy; Drama; History; ,7 February 2014 (USA),6.1
743,R,2h 2min,Biography; Drama; History; ,16 February 1990 (USA),7.8
744,R,1h 42min,Action; Adventure; History; ,27 August 1999 (USA),6.6
745,PG,2h 33min,Action; Drama; History; ,25 December 1987 (USA),7.7
746,Not Rated,2h 47min,Comedy; Drama; History; ,26 January 2006 (USA),8.2
747,PG-13,2h 13min,Adventure; Drama; History; ,21 January 2011 (USA),7.3
748,PG-13,2h 13min,Drama; Fantasy; History; ,12 October 2007 (USA),7.3
749,PG-13,1h 43min,Biography; Drama; History; ,17 November 2006 (USA),7.3
750,PG-13,1h 55min,Biography; Drama; History; ,29 February 2008 (USA),6.7
751,R,2h 2min,Biography; Drama; History; ,23 January 2009 (USA),7.7
752,PG,2h 18min,Biography; Drama; History; ,9 April 1976 (USA),8.0
753,PG-13,2h 3min,Biography; Drama; History; ,20 October 2006 (USA),6.4
754,R,2h 47min,Drama; History; Thriller; ,22 December 2006 (USA),6.7
755,R,1h 51min,Drama; History; Sci-Fi; ,28 April 2006 (USA),7.5
756,R,2h 41min,Drama; History; ,13 January 2017 (USA),7.2
757,PG,1h 33min,Biography; Drama; History; ,4 November 2005 (USA),7.4
758,PG-13,2h 43min,Biography; Drama; History; ,15 April 1988 (USA),7.7
759,R,2h 4min,Biography; Drama; History; ,19 February 1999 (USA),7.4
760,R,2h 8min,Crime; Drama; History; ,27 January 1989 (USA),7.8
761,Passed,2h 9min,Drama; History; ,15 March 1940 (USA),8.0
762,PG-13,2h 8min,Biography; Drama; History; ,9 January 2015 (USA),7.5
763,PG-13,3h 22min,Biography; Drama; History; ,18 November 1992 (USA),7.7
764,PG-13,2h 15min,Biography; Drama; History; ,20 January 2006 (USA),6.7
765,R,1h 47min,Comedy; Drama; History; ,9 March 2018 (USA),7.2
766,R,1h 37min,Action; Drama; History; ,30 July 2010 (USA),6.4
767,PG-13,1h 50min,Biography; Drama; History; ,10 October 2008 (USA),6.9
768,PG-13,2h 9min,Drama; Fantasy; History; ,9 August 2006 (USA),5.9
769,R,2h 20min,Biography; Drama; History; ,1 November 2019 (USA),7.2
770,PG-13,2h 21min,Biography; Drama; History; ,21 April 2017 (USA),6.6
771,R,1h 40min,Biography; Drama; History; ,2 December 2016 (USA),6.7
772,R,1h 51min,Drama; History; War; ,17 April 2015 (India),7.0
773,R,2h 35min,Biography; Drama; History; ,25 December 1997 (USA),7.3
774,R,2h 24min,Drama; History; Mystery; ,5 March 2010 (USA),7.8
775,PG-13,1h 54min,Biography; Drama; History; ,12 October 2007 (USA),6.8
776,PG-13,2h 20min,Drama; History; Sport; ,25 July 2003 (USA),7.3
777,R,2h 17min,Crime; Drama; History; ,9 May 2016 (India),6.5
778,R,2h 10min,Action; Drama; History; ,19 January 2018 (USA),6.6
779,PG-13,2h 13min,Biography; Drama; History; ,7 October 1994 (USA),7.5
780,PG-13,1h 57min,Action; Drama; History; ,29 January 2016 (USA),6.8
781,PG-13,2h 18min,Drama; History; Thriller; ,19 July 2002 (USA),6.7
782,PG,1h 45min,Biography; Drama; History; ,8 January 2010 (USA),7.3
783,Not Rated,2h 42min,Action; Drama; History; ,25 April 2012 (USA),6.7
784,PG,2h 5min,Adventure; Drama; History; ,31 October 1986 (USA),7.4
785,PG-13,2h 25min,Drama; History; Thriller; ,12 January 2001 (USA),7.3
786,PG-13,1h 49min,Biography; Drama; History; ,10 April 2015 (USA),7.3
787,R,1h 53min,Drama; History; War; ,11 December 2015 (USA),6.6
788,Not Rated,1h 6min,Drama; History; Thriller; ,24 December 1925 (Soviet Union),8.0
789,Not Rated,2h 10min,Drama; History; ,22 January 2016 (USA),8.0
790,G,2h 58min,Action; Drama; History; ,4 October 1962 (USA),7.8
791,PG-13,2h 18min,Action; Drama; History; ,8 November 2019 (USA),6.7
792,PG,2h 55min,Drama; History; War; ,15 June 1977 (USA),7.4
793,R,2h 21min,Biography; Drama; History; ,1 February 1985 (USA),7.8
794,R,2h 26min,Drama; History; Romance; ,16 December 2011 (China),7.6
795,R,2h 3min,Action; Drama; History; ,29 March 2019 (USA),7.6
796,PG,2h 15min,Biography; Drama; History; ,6 February 2004 (USA),7.5
797,R,2h 23min,Crime; Drama; History; ,4 August 2017 (USA),7.3
798,Passed,1h 54min,Biography; Drama; History; ,25 October 1928 (France),8.1
799,R,1h 29min,Drama; History; Music; ,8 June 2018 (Poland),7.6
800,R,2h 26min,Drama; Horror; ,13 June 1980 (USA),8.4
801,R,1h 57min,Horror; Sci-Fi; ,22 June 1979 (USA),8.4
802,PG-13,1h 56min,Action; Adventure; Horror; ,21 June 2013 (USA),7.0
803,R,1h 49min,Horror; Mystery; Thriller; ,8 September 1960 (USA),8.5
804,R,1h 39min,Comedy; Horror; ,24 September 2004 (USA),7.9
805,R,1h 44min,Horror; Mystery; Thriller; ,24 February 2017 (USA),7.7
806,R,2h 15min,Horror; ,8 September 2017 (USA),7.3
807,R,1h 52min,Horror; Mystery; Thriller; ,19 July 2013 (USA),7.5
808,PG-13,1h 57min,Horror; Thriller; ,20 January 2017 (USA),7.3
809,PG-13,1h 30min,Drama; Horror; Sci-Fi; ,6 April 2018 (USA),7.5
810,R,1h 43min,Horror; Mystery; ,29 October 2004 (USA),7.6
811,R,1h 53min,Drama; Horror; Sci-Fi; ,27 June 2003 (USA),7.6
812,PG-13,1h 25min,Action; Adventure; Horror; ,18 January 2008 (USA),7.0
813,R,1h 35min,Horror; ,13 April 2012 (USA),7.0
814,R,1h 49min,Horror; Mystery; Sci-Fi; ,25 June 1982 (USA),8.1
815,R,2h 2min,Horror; ,26 December 1973 (USA),8.0
816,R,1h 56min,Drama; Horror; ,21 December 2007 (USA),7.3
817,PG-13,1h 44min,Horror; Mystery; Thriller; ,10 August 2001 (USA),7.6
818,R,1h 45min,Fantasy; Horror; Mystery; ,19 November 1999 (USA),7.3
819,PG-13,1h 55min,Horror; Mystery; ,18 October 2002 (USA),7.1
820,PG-13,2h 2min,Action; Fantasy; Horror; ,2 April 2004 (USA),6.8
821,R,2h 1min,Action; Fantasy; Horror; ,18 February 2005 (USA),7.0
822,R,2h 3min,Drama; Horror; ,11 November 1994 (USA),7.6
823,PG-13,1h 43min,Drama; Horror; Mystery; ,11 March 2016 (USA),7.2
824,R,1h 48min,Action; Crime; Horror; ,19 January 1996 (USA),7.2
825,R,1h 51min,Horror; Mystery; ,20 December 1996 (USA),7.2
826,R,2h 6min,Horror; Sci-Fi; ,21 November 2007 (USA),7.1
827,R,1h 54min,Action; Horror; Sci-Fi; ,22 May 1992 (USA),6.5
828,PG-13,1h 43min,Horror; Mystery; Thriller; ,1 April 2011 (USA),6.8
829,R,1h 55min,Adventure; Drama; Horror; ,23 February 2018 (USA),6.9
830,R,2h 4min,Drama; Horror; Sci-Fi; ,21 December 2018 (USA),6.6
831,R,1h 40min,Horror; Sci-Fi; ,11 May 2007 (USA),7.0
832,PG-13,1h 44min,Fantasy; Horror; Mystery; ,22 June 2007 (USA),6.8
833,R,2h 2min,Horror; Sci-Fi; Thriller; ,19 May 2017 (USA),6.4
834,R,1h 40min,Action; Horror; Sci-Fi; ,15 March 2002 (USA),6.7
835,PG-13,1h 53min,Comedy; Fantasy; Horror; ,11 May 2012 (USA),6.2
836,R,2h,Action; Horror; Sci-Fi; ,21 August 1998 (USA),7.1
837,R,1h 41min,Action; Horror; ,19 March 2004 (USA),7.3
838,R,1h 33min,Horror; Mystery; ,28 October 2005 (USA),6.6
839,R,1h 21min,Horror; Mystery; ,30 July 1999 (USA),6.5
840,R,1h 38min,Horror; Thriller; ,17 March 2000 (USA),6.7
841,R,1h 49min,Action; Horror; Sci-Fi; ,26 November 1997 (USA),6.2
842,R,1h 49min,Action; Horror; Sci-Fi; ,18 February 2000 (USA),7.1
843,R,1h 31min,Horror; Thriller; ,27 October 1978 (USA),7.8
844,R,1h 26min,Horror; Mystery; Thriller; ,16 October 2009 (USA),6.3
845,R,2h 14min,Horror; Mystery; Thriller; ,10 June 2016 (USA),7.3
846,PG-13,1h 38min,Comedy; Horror; Romance; ,1 February 2013 (USA),6.9
847,R,2h 7min,Drama; Horror; Mystery; ,8 June 2018 (USA),7.3
848,R,1h 50min,Horror; Mystery; Thriller; ,12 October 2012 (USA),6.8
849,R,2h 5min,Horror; ,21 April 2006 (USA),6.5
850,R,1h 28min,Crime; Horror; Thriller; ,26 August 2016 (USA),7.1
851,R,1h 56min,Horror; Mystery; Thriller; ,22 March 2019 (USA),6.9
852,R,1h 40min,Horror; Mystery; Thriller; ,13 March 2015 (USA),6.8
853,R,1h 44min,Horror; Sci-Fi; Thriller; ,24 March 2017 (USA),6.6
854,R,1h 31min,Horror; ,16 November 1984 (USA),7.5
855,R,1h 25min,Horror; Thriller; ,7 June 2013 (USA),5.7
856,R,1h 39min,Adventure; Horror; Thriller; ,4 August 2006 (USA),7.2
857,R,1h 57min,Action; Fantasy; Horror; ,22 March 2002 (USA),6.7
858,R,1h 28min,Action; Fantasy; Horror; ,25 January 2013 (USA),6.1
859,PG,1h 46min,Comedy; Fantasy; Horror; ,8 June 1984 (USA),7.3
860,Not Rated,1h 34min,Drama; Horror; ,28 November 2014 (USA),6.8
861,R,2h 3min,Horror; Mystery; Thriller; ,24 July 2009 (USA),6.9
862,R,1h 32min,Drama; Horror; Mystery; ,19 February 2016 (USA),6.9
863,R,2h 8min,Horror; ,13 November 1992 (USA),7.4
864,R,2h 17min,Drama; Horror; ,17 October 1968 (France),8.0
865,PG-13,1h 39min,Horror; Thriller; ,29 May 2009 (USA),6.5
866,R,2h 49min,Drama; Fantasy; Horror; ,6 September 2019 (USA),6.6
867,R,1h 34min,Action; Horror; Sci-Fi; ,10 September 2004 (USA),6.2
868,R,2h 1min,Drama; Horror; Mystery; ,15 September 2017 (USA),6.6
869,PG-13,1h 41min,Action; Adventure; Horror; ,13 August 2004 (USA),5.6
870,NC-17,1h 25min,Horror; ,15 April 1983 (USA),7.5
871,R,1h 34min,Action; Horror; Sci-Fi; ,21 September 2007 (USA),6.3
872,R,3h 11min,Action; Horror; Thriller; ,6 April 2007 (USA),7.5
873,R,1h 48min,Horror; Mystery; Thriller; ,27 October 2006 (USA),6.2
874,PG-13,1h 35min,Drama; Fantasy; Horror; ,3 February 2012 (USA),6.4
875,R,1h 24min,Drama; Horror; Mystery; ,10 July 1998 (USA),7.4
876,R,1h 34min,Horror; ,6 January 2006 (USA),5.9
877,PG-13,1h 40min,Horror; Thriller; ,18 January 2013 (USA),6.2
878,PG-13,1h 59min,Drama; Horror; Mystery; ,29 March 1963 (USA),7.7
879,R,2h 28min,Drama; Horror; Mystery; ,3 July 2019 (USA),7.1
880,R,1h 38min,Horror; ,16 November 1976 (USA),7.4
881,R,1h 29min,Comedy; Horror; ,9 December 2010 (Kazakhstan),7.5
882,R,1h 53min,Action; Horror; Thriller; ,19 October 2007 (USA),6.6
883,R,1h 36min,Action; Adventure; Horror; ,10 September 2010 (USA),5.8
884,R,1h 21min,Comedy; Horror; ,19 February 1993 (USA),7.5
885,R,1h 47min,Horror; Thriller; ,10 March 2006 (USA),6.4
886,R,1h 36min,Drama; Horror; Sci-Fi; ,15 August 1986 (USA),7.6
887,R,1h 36min,Horror; Sci-Fi; Thriller; ,15 August 1997 (USA),6.7
888,R,1h 31min,Fantasy; Horror; Thriller; ,5 April 2013 (USA),6.5
889,R,2h,Horror; Mystery; ,12 December 1997 (USA),6.2
890,PG-13,1h 46min,Horror; Mystery; Thriller; ,13 September 2013 (USA),6.6
891,R,1h 30min,Horror; Thriller; ,31 January 2003 (USA),6.2
892,R,1h 26min,Comedy; Horror; ,13 February 2015 (USA),7.7
893,R,1h 45min,Action; Fantasy; Horror; ,22 June 2012 (USA),5.9
894,R,1h 23min,Comedy; Horror; ,4 July 2001 (USA),5.3
895,R,2h 2min,Horror; Mystery; Thriller; ,19 October 2001 (USA),6.8
896,R,1h 45min,Drama; Fantasy; Horror; ,11 January 2008 (USA),7.4
897,TV-MA,1h 58min,Action; Horror; Thriller; ,21 October 2016 (India),7.5
898,R,1h 24min,Comedy; Horror; ,13 March 1987 (USA),7.8
899,R,1h 28min,Action; Fantasy; Horror; ,20 January 2012 (USA),6.4
900,R,2h 30min,Biography; Drama; Music; ,28 March 2003 (USA),8.5
901,R,1h 46min,Drama; Music; ,20 February 2015 (India),8.5
902,PG-13,2h 8min,Comedy; Drama; Music; ,25 December 2016 (USA),8.0
903,PG-13,2h 14min,Biography; Drama; Music; ,2 November 2018 (USA),8.0
904,R,2h 16min,Drama; Music; Romance; ,5 October 2018 (USA),7.7
905,PG-13,1h 52min,Comedy; Music; Romance; ,5 October 2012 (USA),7.2
906,PG-13,1h 49min,Comedy; Music; ,3 October 2003 (USA),7.1
907,R,1h 50min,Drama; Music; ,8 November 2002 (USA),7.1
908,Not Rated,2h 1min,Comedy; Music; Romance; ,19 March 1959 (USA),8.2
909,PG-13,2h 16min,Biography; Drama; Music; ,18 November 2005 (USA),7.8
910,PG-13,1h 40min,Drama; Music; Romance; ,21 August 1987 (USA),7.0
911,R,1h 49min,Comedy; Music; ,4 June 2010 (USA),6.4
912,R,1h 53min,Comedy; Drama; Music; ,31 March 2000 (USA),7.5
913,PG-13,1h 34min,Comedy; Music; ,14 February 1992 (USA),7.0
914,R,1h 44min,Comedy; Drama; Music; ,11 July 2014 (USA),7.4
915,PG-13,1h 55min,Comedy; Music; ,15 May 2015 (USA),6.4
916,PG-13,2h 32min,Biography; Drama; Music; ,29 October 2004 (USA),7.7
917,R,1h 44min,Comedy; Drama; Music; ,10 January 2014 (USA),7.5
918,PG-13,1h 37min,Comedy; Music; Romance; ,13 February 1998 (USA),6.8
919,R,1h 22min,Comedy; Music; ,2 March 1984 (USA),7.9
920,R,1h 50min,Drama; Music; ,10 November 2000 (USA),7.7
921,R,2h 1min,Biography; Drama; Music; ,31 May 2019 (USA),7.3
922,PG-13,1h 46min,Comedy; Drama; Music; ,5 February 2016 (USA),6.3
923,R,2h 9min,Action; Drama; Music; ,25 November 1992 (USA),6.3
924,PG-13,1h 47min,Drama; Fantasy; Music; ,22 August 2014 (USA),6.7
925,R,1h 26min,Drama; Music; Romance; ,15 June 2007 (USA),7.8
926,PG-13,1h 44min,Crime; Drama; Music; ,11 August 2006 (USA),6.5
927,PG,1h 30min,Adventure; Comedy; Music; ,17 February 1989 (USA),6.9
928,R,1h 57min,Comedy; Drama; Music; ,13 November 2009 (USA),7.4
929,PG-13,1h 40min,Comedy; Drama; Music; ,4 August 2000 (USA),5.7
930,R,1h 35min,Horror; Music; Thriller; ,13 May 2016 (USA),7.0
931,PG,1h 54min,Drama; Music; ,21 November 2007 (USA),7.5
932,PG-13,1h 56min,Comedy; Fantasy; Music; ,28 June 2019 (USA),6.8
933,R,1h 33min,Adventure; Comedy; Music; ,22 November 2006 (USA),6.8
934,PG-13,1h 44min,Comedy; Music; Romance; ,14 February 2007 (USA),6.5
935,PG-13,1h 30min,Comedy; Drama; Music; ,3 October 2008 (USA),6.6
936,R,1h 34min,Drama; Music; Mystery; ,8 September 1993 (France),7.9
937,R,1h 52min,Comedy; Music; Romance; ,6 July 2012 (USA),6.3
938,R,1h 52min,Drama; Music; Romance; ,5 February 2010 (USA),7.2
939,PG-13,1h 46min,Comedy; Drama; Music; ,17 March 2016 (Ireland),7.9
940,R,2h 20min,Biography; Drama; Music; ,1 March 1991 (USA),7.2
941,PG-13,2h 20min,Biography; Drama; Music; ,20 July 2007 (USA),7.6
942,PG,1h 47min,Drama; Music; Romance; ,31 March 2010 (USA),6.0
943,PG-13,1h 38min,Drama; Music; Romance; ,14 February 2008 (USA),6.2
944,R,2h 1min,Drama; Music; Romance; ,11 February 1994 (USA),7.6
945,PG-13,1h 59min,Drama; Music; ,24 November 2010 (USA),6.4
946,R,1h 35min,Comedy; Drama; Music; ,5 September 2014 (USA),7.0
947,R,2h 4min,Comedy; Drama; Music; ,4 December 2015 (USA),7.3
948,R,1h 58min,Drama; Music; ,16 December 1977 (USA),6.8
949,PG,1h 47min,Drama; Music; Romance; ,17 February 1984 (USA),6.6
950,PG-13,2h 10min,Drama; Music; ,25 December 2006 (USA),6.5
951,R,1h 36min,Comedy; Drama; Music; ,21 December 2007 (USA),6.8
952,PG,1h 48min,Comedy; Drama; Music; ,4 October 1996 (USA),6.9
953,R,2h 2min,Biography; Drama; Music; ,26 September 2007 (France),7.7
954,R,1h 56min,Drama; Music; ,2 March 2007 (USA),6.9
955,R,1h 35min,Comedy; Drama; Music; ,11 June 2004 (USA),7.1
956,PG,1h 30min,Comedy; Music; ,8 June 1984 (USA),7.2
957,R,2h 49min,Drama; Music; Romance; ,28 October 1998 (Italy),8.1
958,PG-13,1h 52min,Drama; Music; Romance; ,12 January 2001 (USA),6.2
959,PG-13,1h 22min,Comedy; Music; Romance; ,2 October 1998 (USA),6.3
960,PG-13,1h 37min,Drama; Music; ,17 March 2004 (France),7.9
961,R,2h 15min,Biography; Drama; Music; ,7 December 2007 (USA),6.9
962,PG-13,1h 33min,Comedy; Music; ,22 December 2017 (USA),5.8
963,R,1h 27min,Comedy; Music; ,3 June 2016 (USA),6.7
964,R,1h 55min,Comedy; Drama; Music; ,1 July 2015 (USA),5.6
965,PG-13,1h 57min,Biography; Drama; Music; ,24 April 2009 (USA),6.7
966,PG-13,1h 45min,Biography; Drama; Music; ,14 February 1997 (USA),7.7
967,PG,1h 28min,Comedy; Music; ,10 November 1968 (USA),7.6
968,PG-13,1h 30min,Comedy; Drama; Music; ,20 October 1995 (USA),6.7
969,PG-13,2h 10min,Drama; Music; ,19 June 2009 (USA),8.1
970,R,1h 35min,Drama; Music; Romance; ,15 April 1983 (USA),6.2
971,R,1h 46min,Biography; Drama; Music; ,8 April 2010 (Malaysia),6.5
972,R,1h 44min,Comedy; Music; ,10 August 1994 (USA),7.4
973,PG-13,1h 53min,Comedy; Drama; Music; ,14 October 2011 (USA),5.9
974,R,1h 37min,Drama; Horror; Music; ,19 September 2018 (France),7.1
975,R,1h 29min,Drama; History; Music; ,8 June 2018 (Poland),7.6
976,PG-13,1h 34min,Drama; Music; Romance; ,5 December 2003 (USA),5.4
977,PG-13,1h 46min,Comedy; Drama; Music; ,15 October 2004 (USA),6.1
978,Not Rated,2h 47min,Comedy; Drama; Music; ,12 December 2008 (USA),7.2
979,R,1h 45min,Drama; Music; ,7 September 2001 (USA),6.3
980,R,1h 38min,Drama; Fantasy; Music; ,22 November 1991 (USA),7.8
981,TV-MA,1h 58min,Biography; Drama; Music; ,7 June 2013 (UK),7.0
982,G,1h 27min,Comedy; Music; ,7 July 1964 (UK),7.6
983,R,1h 56min,Crime; Drama; Music; ,22 July 2005 (USA),7.3
984,Not Rated,2h 39min,Drama; Music; ,11 November 2011 (USA),7.7
985,PG-13,2h 3min,Comedy; Music; ,26 June 2020 (USA),6.6
986,PG-13,1h 42min,Comedy; Music; ,20 August 2008 (USA),6.2
987,PG-13,2h 1min,Biography; Drama; Music; ,19 June 2015 (USA),7.4
988,PG,2h 23min,Drama; Music; ,19 January 1996 (USA),7.3
989,R,1h 35min,Comedy; Music; ,13 August 1999 (USA),6.9
990,R,1h 58min,Drama; Music; ,23 October 1998 (UK),7.0
991,Not Rated,3h,Action; Comedy; Music; ,24 October 2014 (USA),5.0
992,PG,1h 33min,Comedy; Music; ,23 January 1998 (USA),3.5
993,R,2h 11min,Drama; Music; Romance; ,17 August 2001 (USA),5.9
994,R,2h 14min,Biography; Drama; Music; ,20 June 2014 (USA),6.8
995,PG-13,1h 35min,Comedy; Drama; Music; ,10 March 2000 (USA),7.2
996,R,1h 58min,Comedy; Drama; Music; ,13 September 1991 (USA),7.6
997,R,1h 35min,Comedy; Drama; Music; ,31 August 2001 (USA),7.7
998,R,2h 10min,Drama; Music; Mystery; ,11 June 1999 (USA),7.6
999,R,1h 33min,Drama; Music; ,28 August 1998 (USA),5.9
1000,R,2h 7min,Crime; Drama; Mystery; ,22 September 1995 (USA),8.6
1001,PG-13,2h 10min,Drama; Mystery; Sci-Fi; ,20 October 2006 (USA),8.5
1002,R,1h 53min,Mystery; Thriller; ,25 May 2001 (USA),8.4
1003,R,2h 18min,Mystery; Thriller; ,19 February 2010 (USA),8.1
1004,R,1h 46min,Crime; Mystery; Thriller; ,16 August 1995 (USA),8.5
1005,PG-13,1h 47min,Drama; Mystery; Thriller; ,6 August 1999 (USA),8.1
1006,R,2h 29min,Drama; Mystery; Thriller; ,3 October 2014 (USA),8.1
1007,R,1h 53min,Drama; Mystery; Sci-Fi; ,30 January 2002 (France),8.0
1008,PG-13,2h 26min,Action; Adventure; Mystery; ,22 November 2013 (USA),7.5
1009,PG-13,1h 55min,Action; Mystery; Thriller; ,3 August 2007 (USA),8.0
1010,R,2h 27min,Drama; Mystery; War; ,15 August 1979 (USA),8.4
1011,PG-13,1h 55min,Crime; Mystery; Thriller; ,31 May 2013 (USA),7.3
1012,R,1h 49min,Horror; Mystery; Thriller; ,8 September 1960 (USA),8.5
1013,R,2h 33min,Crime; Drama; Mystery; ,20 September 2013 (USA),8.1
1014,PG-13,2h 8min,Action; Adventure; Mystery; ,25 December 2009 (USA),7.6
1015,PG-13,1h 56min,Drama; Mystery; Sci-Fi; ,11 November 2016 (USA),7.9
1016,R,2h 9min,Mystery; Sci-Fi; Thriller; ,5 January 1996 (USA),8.0
1017,R,2h 4min,Adventure; Mystery; Sci-Fi; ,8 June 2012 (USA),7.0
1018,R,2h 18min,Crime; Drama; Mystery; ,19 September 1997 (USA),8.2
1019,R,1h 41min,Action; Drama; Mystery; ,21 November 2003 (South Korea),8.4
1020,PG-13,1h 59min,Action; Mystery; Thriller; ,14 June 2002 (USA),7.9
1021,PG-13,2h 25min,Action; Crime; Mystery; ,21 June 2002 (USA),7.6
1022,R,2h 48min,Crime; Drama; Mystery; ,30 December 2015 (USA),7.8
1023,R,2h 42min,Action; Drama; Mystery; ,6 March 2009 (USA),7.6
1024,PG-13,1h 33min,Action; Drama; Mystery; ,1 April 2011 (USA),7.5
1025,R,1h 44min,Horror; Mystery; Thriller; ,24 February 2017 (USA),7.7
1026,R,1h 48min,Drama; Mystery; Sci-Fi; ,24 April 2015 (USA),7.7
1027,R,2h 1min,Action; Comedy; Mystery; ,20 April 2007 (USA),7.8
1028,R,2h 37min,Crime; Drama; Mystery; ,2 March 2007 (USA),7.7
1029,R,2h 44min,Action; Drama; Mystery; ,6 October 2017 (USA),8.0
1030,PG,1h 52min,Mystery; Thriller; ,September 1954 (USA),8.4
1031,R,1h 52min,Horror; Mystery; Thriller; ,19 July 2013 (USA),7.5
1032,PG-13,1h 48min,Action; Mystery; Thriller; ,23 July 2004 (USA),7.7
1033,PG-13,2h 19min,Action; Adventure; Mystery; ,21 March 2014 (USA),6.7
1034,PG-13,2h 9min,Action; Adventure; Mystery; ,16 December 2011 (USA),7.5
1035,R,2h 18min,Crime; Drama; Mystery; ,15 October 2003 (USA),7.9
1036,R,2h 38min,Crime; Drama; Mystery; ,21 December 2011 (USA),7.8
1037,PG-13,1h 53min,Action; Mystery; Sci-Fi; ,19 September 2014 (USA),6.8
1038,PG-13,2h 29min,Mystery; Thriller; ,19 May 2006 (USA),6.6
1039,PG,1h 59min,Drama; Mystery; ,5 September 1941 (USA),8.3
1040,PG-13,1h 46min,Drama; Mystery; Sci-Fi; ,22 November 2000 (USA),7.3
1041,R,1h 43min,Horror; Mystery; ,29 October 2004 (USA),7.6
1042,R,1h 49min,Horror; Mystery; Sci-Fi; ,25 June 1982 (USA),8.1
1043,PG,2h 8min,Mystery; Romance; Thriller; ,22 May 1958 (UK),8.3
1044,R,2h 17min,Drama; Mystery; Thriller; ,30 March 2007 (USA),8.4
1045,R,2h 52min,Action; Drama; Mystery; ,26 October 2012 (USA),7.4
1046,R,2h 9min,Drama; Mystery; Thriller; ,12 September 1997 (USA),7.8
1047,PG-13,1h 52min,Mystery; Sci-Fi; Thriller; ,10 June 2011 (USA),7.0
1048,PG-13,1h 46min,Drama; Mystery; Sci-Fi; ,2 August 2002 (USA),6.7
1049,R,2h 9min,Crime; Drama; Mystery; ,24 March 2006 (USA),7.6
1050,PG-13,1h 44min,Horror; Mystery; Thriller; ,10 August 2001 (USA),7.6
1051,R,1h 37min,Drama; Mystery; Sci-Fi; ,10 July 2009 (USA),7.9
1052,R,1h 45min,Fantasy; Horror; Mystery; ,19 November 1999 (USA),7.3
1053,R,2h 24min,Drama; Mystery; Thriller; ,17 October 1997 (USA),7.5
1054,PG-13,1h 55min,Horror; Mystery; ,18 October 2002 (USA),7.1
1055,R,2h 27min,Drama; Mystery; Thriller; ,19 October 2001 (USA),8.0
1056,PG,2h 11min,Action; Adventure; Mystery; ,19 November 2004 (USA),6.9
1057,R,1h 50min,Crime; Drama; Mystery; ,7 April 2006 (USA),7.7
1058,R,2h 39min,Drama; Mystery; Thriller; ,16 July 1999 (USA),7.4
1059,PG-13,1h 40min,Action; Mystery; Thriller; ,23 July 2010 (USA),6.4
1060,Approved,2h 16min,Adventure; Mystery; Thriller; ,26 September 1959 (Japan),8.3
1061,R,2h 10min,Drama; Mystery; Thriller; ,20 June 1974 (USA),8.2
1062,PG-13,1h 43min,Drama; Horror; Mystery; ,11 March 2016 (USA),7.2
1063,R,1h 51min,Horror; Mystery; ,20 December 1996 (USA),7.2
1064,PG-13,1h 43min,Horror; Mystery; Thriller; ,1 April 2011 (USA),6.8
1065,R,1h 58min,Drama; Mystery; Thriller; ,24 May 2002 (USA),7.2
1066,PG-13,2h 18min,Action; Mystery; Thriller; ,15 May 2009 (USA),6.7
1067,PG-13,1h 44min,Fantasy; Horror; Mystery; ,22 June 2007 (USA),6.8
1068,PG,2h 30min,Drama; Mystery; Sci-Fi; ,11 July 1997 (USA),7.4
1069,PG-13,1h 46min,Action; Mystery; Thriller; ,28 February 2014 (USA),6.9
1070,R,1h 54min,Crime; Drama; Mystery; ,19 October 2007 (USA),7.6
1071,PG-13,1h 53min,Action; Mystery; Thriller; ,18 February 2011 (USA),6.8
1072,R,2h 16min,Fantasy; Mystery; Romance; ,14 December 2001 (USA),6.9
1073,R,2h 3min,Drama; Mystery; Romance; ,11 January 2008 (USA),7.8
1074,PG-13,1h 48min,Drama; Mystery; Thriller; ,30 July 2004 (USA),6.5
1075,R,1h 33min,Horror; Mystery; ,28 October 2005 (USA),6.6
1076,R,1h 21min,Horror; Mystery; ,30 July 1999 (USA),6.5
1077,PG-13,1h 37min,Drama; Mystery; Romance; ,22 November 2006 (USA),7.2
1078,R,1h 30min,Mystery; Thriller; ,25 April 2003 (USA),7.3
1079,PG-13,2h 1min,Action; Drama; Mystery; ,20 March 2009 (USA),6.2
1080,R,1h 26min,Horror; Mystery; Thriller; ,16 October 2009 (USA),6.3
1081,PG-13,1h 45min,Crime; Drama; Mystery; ,13 April 2007 (USA),6.8
1082,R,2h 14min,Horror; Mystery; Thriller; ,10 June 2016 (USA),7.3
1083,R,2h 7min,Drama; Horror; Mystery; ,8 June 2018 (USA),7.3
1084,PG,2h 4min,Action; Adventure; Mystery; ,21 December 2007 (USA),6.5
1085,R,1h 50min,Horror; Mystery; Thriller; ,12 October 2012 (USA),6.8
1086,R,2h 32min,Crime; Drama; Mystery; ,30 April 2010 (USA),7.8
1087,R,1h 30min,Drama; Mystery; Sci-Fi; ,11 July 1998 (Netherlands),7.2
1088,R,1h 56min,Horror; Mystery; Thriller; ,22 March 2019 (USA),6.9
1089,R,1h 40min,Horror; Mystery; Thriller; ,13 March 2015 (USA),6.8
1090,PG-13,1h 54min,Crime; Drama; Mystery; ,10 November 2017 (USA),6.5
1091,R,1h 47min,Crime; Drama; Mystery; ,18 August 2017 (USA),7.7
1092,R,1h 31min,Drama; Mystery; Sci-Fi; ,13 June 2008 (USA),5.0
1093,R,1h 38min,Crime; Mystery; Thriller; ,23 February 2007 (USA),6.4
1094,R,2h 9min,Drama; Mystery; Romance; ,21 May 2010 (USA),8.2
1095,R,2h 3min,Horror; Mystery; Thriller; ,24 July 2009 (USA),6.9
1096,R,1h 32min,Drama; Horror; Mystery; ,19 February 2016 (USA),6.9
1097,R,1h 40min,Mystery; Sci-Fi; Thriller; ,27 February 1998 (USA),7.6
1098,R,2h 2min,Drama; Mystery; Thriller; ,6 January 2012 (USA),7.1
1099,R,2h 1min,Drama; Horror; Mystery; ,15 September 2017 (USA),6.6
1100,PG-13,2h 22min,Romance; ,6 July 1994 (USA),8.8
1101,PG-13,3h 14min,Romance; ,19 December 1997 (USA),7.8
1102,R,1h 48min,Romance; ,19 March 2004 (USA),8.3
1103,R,2h 6min,Romance; ,9 January 1998 (USA),8.3
1104,R,2h,Romance; ,25 December 2008 (USA),8.0
1105,R,2h 2min,Comedy; Romance; ,8 February 2002 (USA),8.3
1106,R,2h 2min,Comedy; Romance; ,25 December 2012 (USA),7.7
1107,PG-13,1h 56min,Comedy; Romance; ,12 February 1999 (USA),8.6
1108,PG-13,2h 46min,Romance; ,25 December 2008 (USA),7.8
1109,PG,1h 41min,Comedy; Romance; ,12 February 1993 (USA),8.0
1110,R,2h 6min,Romance; ,10 January 2014 (USA),8.0
1111,PG-13,2h 23min,Romance; ,22 December 2000 (USA),7.8
1112,PG,1h 42min,Romance; ,23 January 1943 (USA),8.5
1113,PG-13,2h 3min,Romance; ,25 June 2004 (USA),7.8
1114,PG-13,2h 23min,Romance; ,10 May 2013 (USA),7.2
1115,PG-13,1h 35min,Comedy; Romance; ,7 August 2009 (USA),7.7
1116,PG-13,1h 58min,Comedy; Romance; ,29 July 2011 (USA),7.4
1117,PG-13,1h 43min,Romance; ,12 October 2012 (USA),8.0
1118,PG-13,1h 45min,Romance; ,14 December 1990 (USA),7.9
1119,R,2h 15min,Comedy; Romance; ,14 November 2003 (USA),7.6
1120,PG-13,2h 2min,Romance; ,21 November 2008 (USA),5.2
1121,PG-13,2h 8min,Comedy; Romance; ,18 June 2004 (USA),7.4
1122,PG-13,2h 3min,Romance; ,26 November 2014 (USA),7.7
1123,R,1h 56min,Comedy; Romance; ,19 August 2005 (USA),7.1
1124,PG-13,1h 34min,Comedy; Romance; ,10 June 2011 (USA),7.7
1125,PG,2h 8min,Romance; ,22 May 1958 (UK),8.3
1126,PG-13,1h 32min,Comedy; Romance; ,17 September 2010 (USA),7.0
1127,R,2h 9min,Comedy; Romance; ,1 June 2007 (USA),6.9
1128,PG-13,1h 56min,Romance; ,21 December 2016 (USA),7.0
1129,PG-13,2h 6min,Romance; ,6 June 2014 (USA),7.7
1130,R,1h 49min,Comedy; Romance; ,22 July 2011 (USA),6.5
1131,PG-13,1h 44min,Comedy; Romance; ,19 December 2008 (USA),6.8
1132,R,1h 59min,Comedy; Romance; ,15 July 2005 (USA),6.9
1133,PG-13,1h 39min,Comedy; Romance; ,13 February 2004 (USA),6.8
1134,R,2h 14min,Romance; ,13 January 2006 (USA),7.7
1135,R,2h 16min,Romance; ,5 October 2018 (USA),7.7
1136,R,1h 49min,Comedy; Romance; ,23 December 2009 (USA),7.4
1137,R,1h 40min,Comedy; Romance; ,30 September 2011 (USA),7.6
1138,PG-13,1h 34min,Comedy; Romance; ,29 June 2012 (USA),7.8
1139,PG-13,1h 48min,Comedy; Romance; ,6 October 2000 (USA),7.0
1140,R,2h 5min,Romance; ,13 February 2015 (USA),4.1
1141,PG-13,1h 58min,Comedy; Romance; ,11 February 2005 (USA),6.6
1142,PG-13,1h 37min,Comedy; Romance; ,31 March 1999 (USA),7.3
1143,PG-13,1h 48min,Comedy; Romance; ,19 June 2009 (USA),6.7
1144,R,1h 59min,Comedy; Romance; ,15 July 1998 (USA),7.1
1145,Passed,3h 58min,Romance; ,17 January 1940 (USA),8.1
1146,R,1h 59min,Comedy; Romance; ,23 March 1990 (USA),7.0
1147,PG-13,1h 52min,Comedy; Romance; ,5 October 2012 (USA),7.2
1148,PG-13,2h 19min,Comedy; Romance; ,25 December 1997 (USA),7.7
1149,PG-13,2h 4min,Comedy; Romance; ,28 May 1999 (USA),7.1
1150,PG-13,2h 7min,Romance; ,1 June 2001 (USA),7.6
1151,R,2h 5min,Comedy; Romance; ,13 May 2011 (USA),6.8
1152,R,1h 41min,Romance; ,27 January 1995 (USA),8.1
1153,R,1h 51min,Comedy; Romance; ,18 April 2008 (USA),7.1
1154,PG,1h 46min,Comedy; Romance; ,21 December 1967 (USA),8.0
1155,PG-13,1h 55min,Comedy; Romance; ,22 December 2004 (USA),6.3
1156,PG,1h 33min,Comedy; Romance; ,20 April 1977 (USA),8.0
1157,PG,2h 9min,Romance; ,23 November 2005 (USA),7.8
1158,R,2h 16min,Romance; ,14 December 2001 (USA),6.9
1159,R,2h 3min,Romance; ,11 January 2008 (USA),7.8
1160,PG-13,1h 46min,Romance; ,4 March 2011 (USA),7.0
1161,PG-13,1h 36min,Comedy; Romance; ,15 August 2008 (USA),7.1
1162,Not Rated,2h 1min,Comedy; Romance; ,19 March 1959 (USA),8.2
1163,R,2h 19min,Comedy; Romance; ,13 December 1996 (USA),7.3
1164,PG-13,2h 16min,Comedy; Romance; ,8 December 2006 (USA),6.9
1165,PG,1h 50min,Romance; ,16 June 1978 (USA),7.2
1166,R,2h 4min,Romance; ,30 January 2009 (USA),7.6
1167,R,1h 20min,Romance; ,30 July 2004 (USA),8.0
1168,PG-13,1h 40min,Comedy; Romance; ,20 January 2012 (USA),7.9
1169,R,1h 30min,Comedy; Romance; ,27 September 2013 (USA),6.5
1170,PG-13,1h 37min,Romance; ,22 November 2006 (USA),7.2
1171,R,2h 17min,Comedy; Romance; ,6 December 2019 (USA),8.0
1172,R,1h 37min,Comedy; Romance; ,13 April 2001 (USA),6.7
1173,R,1h 59min,Romance; ,11 February 2000 (USA),6.7
1174,PG-13,1h 38min,Comedy; Romance; ,1 February 2013 (USA),6.9
1175,PG-13,1h 57min,Comedy; Romance; ,11 February 2011 (USA),6.4
1176,G,1h 43min,Comedy; Romance; ,11 April 1952 (USA),8.3
1177,R,2h 21min,Romance; ,26 September 2013 (USA),7.8
1178,PG-13,2h 58min,Romance; ,13 November 1998 (USA),7.2
1179,PG-13,1h 48min,Comedy; Romance; ,18 July 2008 (USA),6.4
1180,R,1h 48min,Comedy; Romance; ,21 January 2011 (USA),6.2
1181,R,1h 59min,Comedy; Romance; ,16 October 2015 (Ireland),7.2
1182,PG-13,2h,Romance; ,1 November 1996 (USA),6.7
1183,R,1h 42min,Comedy; Romance; ,20 August 2004 (USA),7.4
1184,PG-13,1h 56min,Comedy; Romance; ,7 February 2003 (USA),6.4
1185,R,2h 4min,Romance; ,20 January 2006 (USA),7.6
1186,R,1h 59min,Romance; ,10 September 1993 (USA),7.9
1187,R,1h 36min,Comedy; Romance; ,24 July 2009 (USA),6.4
1188,R,1h 44min,Romance; ,3 December 2004 (USA),7.2
1189,R,1h 49min,Comedy; Romance; ,9 April 2004 (USA),6.7
1190,PG-13,1h 46min,Romance; ,3 June 2016 (USA),7.4
1191,PG-13,2h 6min,Comedy; Romance; ,21 December 2007 (USA),7.0
1192,R,2h 12min,Romance; ,19 January 2018 (USA),7.9
1193,PG,1h 41min,Romance; ,25 January 2002 (USA),7.4
1194,PG-13,1h 40min,Romance; ,21 August 1987 (USA),7.0
1195,R,1h 45min,Comedy; Romance; ,20 March 2009 (USA),7.0
1196,PG-13,2h 7min,Romance; ,13 July 1990 (USA),7.0
1197,R,1h 59min,Romance; ,23 January 2009 (USA),7.3
1198,R,1h 35min,Comedy; Romance; ,21 July 1989 (USA),7.6
1199,R,1h 32min,Comedy; Romance; ,24 June 2011 (USA),5.6
1200,PG-13,2h 28min,Action; Adventure; Sci-Fi; ,16 July 2010 (USA),8.8
1201,R,2h 16min,Action; Sci-Fi; ,31 March 1999 (USA),8.7
1202,PG-13,2h 49min,Adventure; Drama; Sci-Fi; ,7 November 2014 (USA),8.6
1203,PG-13,2h 23min,Action; Adventure; Sci-Fi; ,4 May 2012 (USA),8.0
1204,PG-13,2h 10min,Drama; Mystery; Sci-Fi; ,20 October 2006 (USA),8.5
1205,PG,1h 56min,Adventure; Comedy; Sci-Fi; ,3 July 1985 (USA),8.5
1206,R,2h 12min,Action; Drama; Sci-Fi; ,17 March 2006 (USA),8.2
1207,R,2h 17min,Action; Sci-Fi; ,3 July 1991 (USA),8.5
1208,PG-13,2h 6min,Action; Adventure; Sci-Fi; ,2 May 2008 (USA),7.9
1209,PG,1h 43min,Comedy; Drama; Sci-Fi; ,5 June 1998 (USA),8.1
1210,R,1h 48min,Drama; Romance; Sci-Fi; ,19 March 2004 (USA),8.3
1211,R,2h,Action; Adventure; Sci-Fi; ,15 May 2015 (USA),8.1
1212,PG-13,2h 18min,Action; Adventure; Sci-Fi; ,18 December 2015 (USA),7.9
1213,PG-13,2h 7min,Action; Adventure; Sci-Fi; ,11 June 1993 (USA),8.1
1214,PG-13,2h 22min,Action; Adventure; Sci-Fi; ,23 March 2012 (USA),7.2
1215,PG-13,2h 29min,Action; Adventure; Sci-Fi; ,27 April 2018 (USA),8.4
1216,R,1h 47min,Action; Sci-Fi; ,26 October 1984 (USA),8.0
1217,R,1h 57min,Horror; Sci-Fi; ,22 June 1979 (USA),8.4
1218,PG-13,1h 31min,Drama; Sci-Fi; Thriller; ,4 October 2013 (USA),7.7
1219,PG-13,2h 10min,Action; Adventure; Sci-Fi; ,3 May 2013 (USA),7.2
1220,R,2h 16min,Crime; Drama; Sci-Fi; ,2 February 1972 (USA),8.3
1221,PG-13,2h 24min,Adventure; Drama; Sci-Fi; ,2 October 2015 (USA),8.0
1222,R,1h 53min,Drama; Mystery; Sci-Fi; ,30 January 2002 (France),8.0
1223,PG-13,2h 4min,Action; Adventure; Sci-Fi; ,22 July 2011 (USA),6.9
1224,PG-13,2h 21min,Action; Adventure; Sci-Fi; ,1 May 2015 (USA),7.3
1225,PG-13,2h 16min,Action; Adventure; Sci-Fi; ,4 April 2014 (USA),7.7
1226,PG-13,2h 4min,Action; Adventure; Sci-Fi; ,7 May 2010 (USA),7.0
1227,PG-13,2h 23min,Action; Adventure; Sci-Fi; ,14 June 2013 (USA),7.0
1228,R,1h 57min,Action; Sci-Fi; Thriller; ,25 June 1982 (USA),8.1
1229,PG-13,2h 1min,Action; Adventure; Sci-Fi; ,3 May 2002 (USA),7.3
1230,PG-13,2h 12min,Action; Adventure; Sci-Fi; ,23 May 2014 (USA),8.0
1231,PG-13,2h 27min,Action; Adventure; Sci-Fi; ,6 May 2016 (USA),7.8
1232,R,2h 17min,Action; Adventure; Sci-Fi; ,18 July 1986 (USA),8.3
1233,PG-13,2h 11min,Action; Adventure; Sci-Fi; ,3 June 2011 (USA),7.7
1234,R,1h 52min,Action; Sci-Fi; Thriller; ,14 August 2009 (USA),7.9
1235,R,2h 17min,Action; Drama; Sci-Fi; ,3 March 2017 (USA),8.1
1236,PG-13,2h 31min,Action; Adventure; Sci-Fi; ,25 March 2016 (USA),6.4
1237,PG-13,2h 14min,Action; Adventure; Sci-Fi; ,16 February 2018 (USA),7.3
1238,PG-13,2h 24min,Action; Adventure; Sci-Fi; ,3 July 2007 (USA),7.0
1239,G,2h 29min,Adventure; Sci-Fi; ,12 May 1968 (UK),8.3
1240,PG-13,1h 53min,Action; Adventure; Sci-Fi; ,6 June 2014 (USA),7.9
1241,PG-13,2h 7min,Action; Adventure; Sci-Fi; ,8 May 2009 (USA),7.9
1242,PG-13,1h 56min,Drama; Mystery; Sci-Fi; ,11 November 2016 (USA),7.9
1243,PG-13,2h 4min,Action; Adventure; Sci-Fi; ,12 June 2015 (USA),7.0
1244,R,2h 9min,Mystery; Sci-Fi; Thriller; ,5 January 1996 (USA),8.0
1245,PG-13,1h 44min,Action; Adventure; Sci-Fi; ,14 July 2000 (USA),7.4
1246,R,2h 4min,Adventure; Mystery; Sci-Fi; ,8 June 2012 (USA),7.0
1247,PG-13,2h 16min,Action; Adventure; Sci-Fi; ,3 July 2012 (USA),6.9
1248,PG-13,2h 13min,Action; Adventure; Sci-Fi; ,16 December 2016 (USA),7.8
1249,PG-13,2h 7min,Action; Adventure; Sci-Fi; ,30 June 2004 (USA),7.3
1250,R,1h 53min,Action; Drama; Sci-Fi; ,28 September 2012 (USA),7.4
1251,R,2h 6min,Drama; Romance; Sci-Fi; ,10 January 2014 (USA),8.0
1252,PG-13,2h 25min,Action; Adventure; Sci-Fi; ,3 July 1996 (USA),7.0
1253,PG-13,1h 45min,Sci-Fi; Thriller; ,18 March 2011 (USA),7.4
1254,R,2h 18min,Action; Sci-Fi; ,15 May 2003 (USA),7.2
1255,PG-13,2h 14min,Action; Sci-Fi; Thriller; ,2 May 2003 (USA),7.4
1256,PG-13,2h 13min,Action; Adventure; Sci-Fi; ,7 July 2017 (USA),7.4
1257,PG-13,1h 45min,Action; Drama; Sci-Fi; ,5 August 2011 (USA),7.6
1258,PG-13,1h 55min,Action; Drama; Sci-Fi; ,16 July 2004 (USA),7.1
1259,PG-13,2h 19min,Action; Adventure; Sci-Fi; ,4 May 2007 (USA),6.2
1260,PG-13,2h 4min,Action; Adventure; Sci-Fi; ,19 April 2013 (USA),7.0
1261,PG-13,1h 44min,Action; Adventure; Sci-Fi; ,26 May 2006 (USA),6.7
1262,PG,1h 48min,Adventure; Comedy; Sci-Fi; ,22 November 1989 (USA),7.8
1263,R,1h 48min,Drama; Mystery; Sci-Fi; ,24 April 2015 (USA),7.7
1264,PG-13,2h 11min,Action; Adventure; Sci-Fi; ,12 July 2013 (USA),6.9
1265,PG-13,1h 47min,Action; Adventure; Sci-Fi; ,1 May 2009 (USA),6.6
1266,PG-13,2h 12min,Action; Adventure; Sci-Fi; ,16 May 2013 (USA),7.7
1267,R,1h 49min,Drama; Sci-Fi; Thriller; ,5 January 2007 (USA),7.9
1268,R,1h 53min,Drama; Sci-Fi; Thriller; ,23 January 2004 (USA),7.6
1269,R,2h 9min,Action; Sci-Fi; ,5 November 2003 (USA),6.8
1270,R,1h 29min,Action; Sci-Fi; Thriller; ,25 July 2014 (USA),6.4
1271,PG-13,1h 52min,Action; Adventure; Sci-Fi; ,13 June 2008 (USA),6.7
1272,PG-13,2h 6min,Action; Adventure; Sci-Fi; ,9 May 1997 (USA),7.7
1273,PG-13,2h 6min,Action; Adventure; Sci-Fi; ,26 July 2013 (USA),6.7
1274,PG-13,2h 3min,Action; Adventure; Sci-Fi; ,8 March 2019 (USA),6.9
1275,R,1h 49min,Action; Drama; Sci-Fi; ,9 August 2013 (USA),6.6
1276,PG-13,2h 22min,Action; Adventure; Sci-Fi; ,2 May 2014 (USA),6.6
1277,PG-13,1h 56min,Adventure; Sci-Fi; Thriller; ,29 June 2005 (USA),6.5
1278,PG-13,1h 53min,Action; Mystery; Sci-Fi; ,19 September 2014 (USA),6.8
1279,PG-13,2h 4min,Action; Adventure; Sci-Fi; ,28 May 2004 (USA),6.4
1280,PG-13,2h 3min,Action; Adventure; Sci-Fi; ,21 November 2014 (USA),6.6
1281,PG,1h 58min,Adventure; Comedy; Sci-Fi; ,25 May 1990 (USA),7.4
1282,PG-13,2h 31min,Action; Adventure; Sci-Fi; ,1 July 1998 (USA),6.7
1283,PG-13,1h 30min,Drama; Horror; Sci-Fi; ,6 April 2018 (USA),7.5
1284,PG-13,2h 24min,Action; Adventure; Sci-Fi; ,27 May 2016 (USA),6.9
1285,PG-13,2h 34min,Action; Adventure; Sci-Fi; ,29 June 2011 (USA),6.2
1286,PG-13,1h 46min,Drama; Mystery; Sci-Fi; ,22 November 2000 (USA),7.3
1287,PG-13,2h 29min,Action; Adventure; Sci-Fi; ,24 June 2009 (USA),6.0
1288,R,1h 49min,Action; Sci-Fi; ,2 July 2003 (USA),6.3
1289,PG-13,2h 3min,Action; Adventure; Sci-Fi; ,16 May 2014 (USA),6.4
1290,PG-13,2h 9min,Action; Adventure; Sci-Fi; ,23 May 1997 (USA),6.6
1291,R,1h 53min,Drama; Horror; Sci-Fi; ,27 June 2003 (USA),7.6
1292,R,1h 47min,Action; Adventure; Sci-Fi; ,12 June 1987 (USA),7.8
1293,PG-13,1h 49min,Action; Sci-Fi; Thriller; ,28 October 2011 (USA),6.7
1294,PG,1h 55min,Sci-Fi; ,11 June 1982 (USA),7.8
1295,R,1h 49min,Horror; Mystery; Sci-Fi; ,25 June 1982 (USA),8.1
1296,PG-13,2h 20min,Action; Adventure; Sci-Fi; ,29 March 2018 (USA),7.5
1297,PG-13,2h 38min,Action; Adventure; Sci-Fi; ,13 November 2009 (USA),5.8
1298,R,2h 18min,Action; Crime; Sci-Fi; ,27 June 1997 (USA),7.3
1299,PG-13,1h 55min,Action; Adventure; Sci-Fi; ,21 May 2009 (USA),6.5
1300,R,1h 58min,Crime; Drama; Thriller; ,14 February 1991 (USA),8.6
1301,R,2h 31min,Crime; Drama; Thriller; ,6 October 2006 (USA),8.5
1302,R,1h 53min,Mystery; Thriller; ,25 May 2001 (USA),8.4
1303,R,2h 18min,Mystery; Thriller; ,19 February 2010 (USA),8.1
1304,R,1h 51min,Action; Crime; Thriller; ,10 October 2003 (USA),8.1
1305,R,1h 46min,Crime; Mystery; Thriller; ,16 August 1995 (USA),8.5
1306,R,1h 39min,Crime; Drama; Thriller; ,2 September 1992 (France),8.3
1307,PG-13,1h 47min,Drama; Mystery; Thriller; ,6 August 1999 (USA),8.1
1308,R,2h 29min,Drama; Mystery; Thriller; ,3 October 2014 (USA),8.1
1309,R,2h 2min,Crime; Drama; Thriller; ,21 November 2007 (USA),8.1
1310,R,2h 2min,Crime; Drama; Thriller; ,4 October 2019 (USA),8.5
1311,R,2h 12min,Action; Thriller; ,20 July 1988 (USA),8.2
1312,PG-13,1h 31min,Drama; Sci-Fi; Thriller; ,4 October 2013 (USA),7.7
1313,R,2h 4min,Crime; Thriller; ,1 April 2005 (USA),8.0
1314,R,1h 48min,Drama; Thriller; ,17 December 2010 (USA),8.0
1315,R,1h 57min,Action; Sci-Fi; Thriller; ,25 June 1982 (USA),8.1
1316,R,2h 17min,Action; Crime; Thriller; ,16 April 2004 (USA),8.0
1317,PG-13,1h 54min,Biography; Drama; Thriller; ,25 December 2014 (USA),8.0
1318,R,1h 52min,Action; Sci-Fi; Thriller; ,14 August 2009 (USA),7.9
1319,PG-13,2h 23min,Action; Adventure; Thriller; ,9 November 2012 (USA),7.7
1320,R,1h 38min,Crime; Drama; Thriller; ,5 April 1996 (USA),8.1
1321,PG-13,1h 55min,Action; Mystery; Thriller; ,3 August 2007 (USA),8.0
1322,PG-13,1h 55min,Crime; Mystery; Thriller; ,31 May 2013 (USA),7.3
1323,R,1h 49min,Horror; Mystery; Thriller; ,8 September 1960 (USA),8.5
1324,PG-13,2h 24min,Action; Adventure; Thriller; ,17 November 2006 (USA),8.0
1325,R,2h 9min,Mystery; Sci-Fi; Thriller; ,5 January 1996 (USA),8.0
1326,R,2h,Biography; Drama; Thriller; ,12 October 2012 (USA),7.7
1327,R,2h 50min,Crime; Drama; Thriller; ,15 December 1995 (USA),8.2
1328,PG-13,1h 30min,Action; Thriller; ,30 January 2009 (USA),7.8
1329,PG,2h 4min,Adventure; Thriller; ,20 June 1975 (USA),8.0
1330,PG-13,1h 45min,Sci-Fi; Thriller; ,18 March 2011 (USA),7.4
1331,R,1h 41min,Action; Crime; Thriller; ,24 October 2014 (USA),7.4
1332,PG-13,2h 14min,Action; Sci-Fi; Thriller; ,2 May 2003 (USA),7.4
1333,PG-13,1h 56min,Crime; Thriller; ,7 December 2001 (USA),7.7
1334,PG-13,1h 59min,Action; Mystery; Thriller; ,14 June 2002 (USA),7.9
1335,R,2h 23min,Adventure; Drama; Thriller; ,8 December 2006 (USA),8.0
1336,R,1h 44min,Horror; Mystery; Thriller; ,24 February 2017 (USA),7.7
1337,R,1h 49min,Drama; Sci-Fi; Thriller; ,5 January 2007 (USA),7.9
1338,PG-13,2h 12min,Action; Adventure; Thriller; ,21 December 2011 (USA),7.4
1339,R,1h 57min,Crime; Drama; Thriller; ,31 October 2014 (USA),7.9
1340,R,2h 12min,Comedy; Drama; Thriller; ,8 November 2019 (USA),8.6
1341,R,1h 53min,Drama; Sci-Fi; Thriller; ,23 January 2004 (USA),7.6
1342,R,1h 29min,Action; Sci-Fi; Thriller; ,25 July 2014 (USA),6.4
1343,PG,1h 52min,Mystery; Thriller; ,September 1954 (USA),8.4
1344,R,1h 52min,Horror; Mystery; Thriller; ,19 July 2013 (USA),7.5
1345,PG-13,1h 48min,Action; Mystery; Thriller; ,23 July 2004 (USA),7.7
1346,R,1h 52min,Crime; Drama; Thriller; ,6 May 2005 (USA),7.7
1347,R,2h 11min,Drama; Thriller; War; ,31 July 2009 (USA),7.6
1348,PG-13,1h 56min,Adventure; Sci-Fi; Thriller; ,29 June 2005 (USA),6.5
1349,PG-13,1h 57min,Horror; Thriller; ,20 January 2017 (USA),7.3
1350,PG-13,1h 46min,Action; Adventure; Thriller; ,14 November 2008 (USA),6.6
1351,PG-13,2h 29min,Mystery; Thriller; ,19 May 2006 (USA),6.6
1352,PG-13,2h 8min,Action; Thriller; ,27 June 2007 (USA),7.1
1353,R,2h 2min,Crime; Drama; Thriller; ,5 October 2001 (USA),7.7
1354,PG-13,1h 50min,Action; Adventure; Thriller; ,22 May 1996 (USA),7.1
1355,PG-13,2h 28min,Action; Adventure; Thriller; ,6 November 2015 (USA),6.8
1356,PG-13,1h 49min,Action; Sci-Fi; Thriller; ,28 October 2011 (USA),6.7
1357,PG-13,2h 10min,Action; Adventure; Thriller; ,24 May 2013 (USA),7.1
1358,R,2h 8min,Action; Adventure; Thriller; ,19 May 1995 (USA),7.6
1359,R,1h 58min,Drama; Thriller; ,22 January 2016 (USA),8.1
1360,PG-13,2h 17min,Action; Adventure; Thriller; ,3 April 2015 (USA),7.1
1361,R,2h,Crime; Drama; Thriller; ,6 August 2004 (USA),7.5
1362,PG-13,2h 5min,Crime; Thriller; ,10 December 2004 (USA),6.5
1363,R,1h 41min,Drama; Thriller; ,3 December 2004 (USA),7.7
1364,PG,2h 8min,Mystery; Romance; Thriller; ,22 May 1958 (UK),8.3
1365,R,2h 2min,Action; Crime; Thriller; ,10 February 2017 (USA),7.5
1366,R,2h 17min,Drama; Mystery; Thriller; ,30 March 2007 (USA),8.4
1367,R,2h 5min,Crime; Drama; Thriller; ,17 September 2010 (USA),7.5
1368,PG-13,1h 46min,Action; Crime; Thriller; ,22 June 2001 (USA),6.8
1369,PG-13,1h 51min,Action; Crime; Thriller; ,30 May 2003 (USA),7.0
1370,R,2h 9min,Drama; Mystery; Thriller; ,12 September 1997 (USA),7.8
1371,PG-13,1h 52min,Mystery; Sci-Fi; Thriller; ,10 June 2011 (USA),7.0
1372,PG-13,2h 11min,Action; Adventure; Thriller; ,31 July 2015 (USA),7.4
1373,PG-13,1h 44min,Horror; Mystery; Thriller; ,10 August 2001 (USA),7.6
1374,R,2h 4min,Action; Thriller; ,3 July 1990 (USA),7.2
1375,R,2h 12min,Action; Crime; Thriller; ,26 September 2014 (USA),7.2
1376,PG-13,2h 6min,Action; Adventure; Thriller; ,5 May 2006 (USA),6.9
1377,R,1h 56min,Action; Adventure; Thriller; ,10 June 1994 (USA),7.2
1378,R,1h 43min,Action; Adventure; Thriller; ,13 August 2010 (USA),6.5
1379,R,2h 24min,Drama; Mystery; Thriller; ,17 October 1997 (USA),7.5
1380,R,2h 18min,Drama; Thriller; ,2 November 2012 (USA),7.3
1381,PG-13,2h 2min,Action; Crime; Thriller; ,8 June 2007 (USA),6.9
1382,R,2h 27min,Drama; Mystery; Thriller; ,19 October 2001 (USA),8.0
1383,R,2h 34min,Crime; Drama; Thriller; ,25 December 1997 (USA),7.5
1384,PG-13,2h 3min,Action; Adventure; Thriller; ,24 May 2000 (USA),6.1
1385,R,2h 16min,Action; Adventure; Thriller; ,7 June 1996 (USA),7.4
1386,R,2h 4min,Action; Drama; Thriller; ,23 March 2007 (USA),7.2
1387,PG-13,2h 10min,Action; Thriller; ,21 December 2012 (USA),7.0
1388,PG-13,2h 16min,Action; Sci-Fi; Thriller; ,22 July 2005 (USA),6.8
1389,R,1h 53min,Action; Sci-Fi; Thriller; ,1 June 1990 (USA),7.5
1390,R,2h 39min,Drama; Mystery; Thriller; ,16 July 1999 (USA),7.4
1391,R,2h 5min,Drama; Romance; Thriller; ,13 February 2015 (USA),4.1
1392,PG-13,1h 40min,Action; Mystery; Thriller; ,23 July 2010 (USA),6.4
1393,Approved,2h 16min,Adventure; Mystery; Thriller; ,26 September 1959 (Japan),8.3
1394,R,1h 43min,Action; Adventure; Thriller; ,17 August 2012 (USA),6.6
1395,PG-13,1h 32min,Action; Thriller; ,5 October 2012 (USA),6.3
1396,R,2h 10min,Drama; Mystery; Thriller; ,20 June 1974 (USA),8.2
1397,PG-13,1h 32min,Action; Crime; Thriller; ,11 October 2002 (USA),6.8
1398,PG-13,2h 15min,Action; Adventure; Thriller; ,10 August 2012 (USA),6.7
1399,PG-13,2h 22min,Drama; History; Thriller; ,16 October 2015 (USA),7.6
1400,R,2h 33min,Adventure; Drama; War; ,21 August 2009 (USA),8.3
1401,R,2h 49min,Drama; War; ,24 July 1998 (USA),8.6
1402,R,1h 56min,Drama; War; ,10 July 1987 (USA),8.3
1403,R,1h 58min,Drama; Fantasy; War; ,19 January 2007 (USA),8.2
1404,R,2h 27min,Drama; Mystery; War; ,15 August 1979 (USA),8.4
1405,PG,1h 42min,Drama; Romance; War; ,23 January 1943 (USA),8.5
1406,R,2h 14min,Action; Drama; War; ,17 October 2014 (USA),7.6
1407,R,2h 11min,Drama; Thriller; War; ,31 July 2009 (USA),7.6
1408,R,2h 34min,Action; Drama; War; ,5 December 2003 (USA),7.7
1409,R,2h,Drama; War; ,6 February 1987 (USA),8.1
1410,R,1h 47min,Action; Comedy; War; ,13 August 2008 (USA),7.0
1411,R,2h 24min,Drama; History; War; ,18 January 2002 (USA),7.7
1412,R,1h 59min,Drama; War; ,10 January 2020 (USA),8.3
1413,R,3h 3min,Drama; War; ,23 February 1979 (USA),8.1
1414,R,2h 11min,Drama; History; War; ,16 March 2001 (USA),7.6
1415,PG-13,1h 48min,Comedy; Drama; War; ,8 November 2019 (USA),7.9
1416,Not Rated,1h 29min,Animation; Drama; War; ,26 July 1989 (USA),8.5
1417,PG,2h 41min,Adventure; Drama; War; ,14 December 1957 (USA),8.1
1418,Passed,2h 5min,Comedy; Drama; War; ,7 March 1941 (USA),8.4
1419,PG-13,1h 34min,Drama; War; ,26 November 2008 (USA),7.8
1420,R,2h 42min,Drama; Romance; War; ,6 December 1996 (USA),7.4
1421,Approved,1h 28min,Drama; War; ,25 December 1957 (USA),8.4
1422,R,2h 50min,Drama; War; ,15 January 1999 (USA),7.6
1423,R,2h 13min,Drama; Romance; War; ,13 January 1995 (USA),7.6
1424,R,2h 11min,Drama; Mystery; War; ,12 January 2011 (France),8.3
1425,PG-13,1h 48min,Drama; Romance; War; ,5 February 2010 (USA),6.3
1426,R,1h 34min,Comedy; War; ,6 November 2009 (USA),6.2
1427,PG-13,2h 11min,Drama; War; ,27 November 2013 (USA),7.6
1428,R,2h 24min,Action; Drama; War; ,15 January 2016 (USA),7.3
1429,R,2h 42min,Action; Drama; War; ,1 June 1985 (Japan),8.2
1430,Null,2h 15min,Action; Drama; War; ,4 November 2016 (Turkey),8.9
1431,R,2h 25min,Biography; Drama; War; ,5 January 1990 (USA),7.2
1432,GP,2h 52min,Biography; Drama; War; ,2 April 1970 (USA),7.9
1433,PG-13,1h 56min,Action; War; ,21 April 2000 (USA),6.6
1434,R,2h 5min,Action; Drama; War; ,22 August 1997 (USA),5.9
1435,R,2h 25min,Drama; Thriller; War; ,18 May 2007 (USA),7.7
1436,Not Rated,2h 17min,Drama; War; ,16 October 2015 (USA),7.7
1437,R,1h 51min,Drama; History; War; ,17 April 2015 (India),7.0
1438,PG-13,3h 17min,Drama; Romance; War; ,31 December 1965 (USA),8.0
1439,Approved,2h 59min,Drama; War; ,18 December 1961 (Sweden),8.2
1440,R,1h 56min,Comedy; Drama; War; ,18 March 1970 (USA),7.5
1441,Not Rated,2h 30min,Action; Adventure; War; ,22 October 1967 (UK),7.7
1442,R,2h 14min,Action; Drama; War; ,14 June 2002 (USA),6.1
1443,R,1h 46min,Comedy; War; ,26 June 1981 (USA),6.9
1444,Not Rated,2h 32min,Drama; War; ,24 August 1930 (USA),8.0
1445,Approved,2h 50min,Drama; Romance; War; ,29 May 1947 (Mexico),8.0
1446,Not Rated,1h 9min,Comedy; War; ,17 November 1933 (USA),7.8
1447,Not Rated,2h 47min,Comedy; Drama; War; ,20 June 1997 (USA),8.1
1448,Not Rated,1h 57min,Drama; Horror; War; ,19 May 1976 (France),5.9
1449,Not Rated,2h 22min,Drama; War; ,17 October 1985 (Hungary),8.3
1450,R,1h 53min,Drama; History; War; ,11 December 2015 (USA),6.6
1451,Not Rated,2h 1min,Drama; War; ,20 September 1967 (USA),8.1
1452,M/PG,2h 38min,Action; Adventure; War; ,12 March 1969 (USA),7.7
1453,PG,2h 55min,Drama; History; War; ,15 June 1977 (USA),7.4
1454,Not Rated,2h,Comedy; Drama; War; ,10 August 1953 (Brazil),8.0
1455,R,2h 5min,Drama; War; ,15 February 2002 (USA),6.3
1456,Not Rated,2h 7min,Drama; War; ,23 March 2007 (USA),7.5
1457,GP,2h 24min,Adventure; Comedy; War; ,23 June 1970 (USA),7.6
1458,R,1h 38min,Comedy; Drama; War; ,19 September 2001 (France),7.9
1459,R,2h 8min,Drama; Thriller; War; ,7 April 2000 (USA),6.4
1460,R,1h 47min,Drama; War; ,11 June 2015 (Hungary),7.5
1461,PG,2h 9min,Adventure; History; War; ,19 December 1975 (UK),7.8
1462,Passed,1h 58min,Drama; Romance; War; ,28 August 1953 (USA),7.6
1463,Not Rated,2h 18min,Action; Drama; War; ,11 January 2019 (USA),8.3
1464,R,2h 14min,Drama; War; ,17 November 2017 (USA),7.4
1465,R,1h 53min,Crime; Drama; War; ,18 August 1989 (USA),7.1
1466,TV-MA,2h 2min,Comedy; Drama; War; ,26 May 2017 (USA),6.0
1467,R,2h 10min,Drama; War; ,5 December 1986 (USA),6.9
1468,R,1h 41min,Drama; War; ,24 May 2001 (Germany),7.0
1469,R,2h 20min,Action; Drama; War; ,24 September 2004 (USA),8.1
1470,PG,1h 25min,Comedy; War; ,18 July 1975 (Canada),7.7
1471,Not Rated,2h 18min,Drama; History; War; ,17 June 1964 (USA),7.7
1472,PG-13,1h 41min,Action; Adventure; War; ,17 August 2007 (USA),5.4
1473,R,2h 7min,Drama; Romance; War; ,16 February 2012 (Netherlands),4.5
1474,Not Rated,1h 53min,Drama; War; ,12 September 1938 (USA),8.1
1475,PG,2h 42min,Drama; History; War; ,10 October 1980 (USA),8.0
1476,TV-14,2h 4min,Drama; Romance; War; ,10 August 2018 (USA),7.4
1477,PG,1h 58min,Action; Comedy; War; ,14 December 1979 (USA),5.8
1478,R,2h 3min,Drama; Thriller; War; ,20 January 2012 (India),6.1
1479,PG,1h 44min,Drama; War; ,12 February 1988 (USA),8.0
1480,Not Rated,2h 14min,Drama; War; ,21 January 1993 (Germany),7.5
1481,PG,2h 18min,Drama; War; Western; ,7 July 1972 (USA),7.6
1482,PG,1h 56min,Drama; Sport; War; ,31 July 1981 (USA),6.7
1483,Passed,1h 39min,Comedy; War; ,6 March 1942 (USA),8.2
1484,Not Rated,1h 37min,Drama; War; ,28 January 1944 (USA),7.6
1485,PG,4h 31min,Drama; History; War; ,8 October 1993 (USA),7.6
1486,R,1h 59min,Drama; War; ,20 May 1977 (USA),7.5
1487,Not Rated,2h 4min,Drama; War; ,24 June 1954 (USA),7.7
1488,R,1h 46min,Drama; War; ,10 March 2017 (USA),6.6
1489,R,2h 34min,Adventure; Drama; War; ,12 June 2020 (USA),6.6
1490,R,1h 47min,Drama; History; War; ,19 April 2002 (Portugal),7.6
1491,Passed,1h 49min,Thriller; War; ,24 April 1942 (USA),7.2
1492,TV-PG,3h 15min,Drama; History; War; ,21 March 1915 (USA),6.3
1493,PG-13,1h 46min,Drama; History; War; ,24 April 2015 (USA),7.4
1494,R,2h 5min,Comedy; Drama; War; ,3 November 2017 (USA),6.9
1495,R,2h 2min,Comedy; Drama; War; ,24 June 1970 (USA),7.1
1496,R,2h 12min,Action; Drama; War; ,12 August 2005 (USA),6.7
1497,PG-13,1h 30min,Action; Drama; War; ,25 March 2005 (USA),6.7
1498,R,1h 52min,Drama; War; ,28 March 2008 (USA),6.4
1499,PG-13,2h 17min,Drama; History; War; ,9 April 2004 (USA),6.0
